t(days)	RNP(psia2/cp-D/Mscf)
0.25	74420119.89635494
0.33040833333333336	18367747.300748862
0.4861958333333333	163833629.9321449
0.7977666666666666	37202735.553564034
1.4209083333333332	262245733.0999171
2.667195833333333	6423161.727599926
5.07725	256174008.89672053
9.897375	12257510.860110162
19.198041666666665	17053913.505089376
35.644875	23346507.916668877
66.05958333333334	31892730.98385814
124.99208333333333	93999742.64622375
188.99208333333334	54925219.82224909
252.99208333333334	245927233.29812813
316.99208333333337	217043832.57793134
380.9920833333333	317980992.4152588
444.9916666666666	88246151.82561645
508.9916666666666	277637170.2114097
572.9916666666667	68335341.52126536
636.9916666666667	275593291.7020642
700.9916666666667	230238279.80928606
764.9916666666667	118240033.64701241
828.9916666666667	169178700.52404982
892.9916666666667	134069123.03450418
956.9916666666667	97729653.59336333
1020.9916666666667	279683226.6439113
1084.9916666666666	142221620.88329086
1148.9916666666666	154817579.13218373
1212.9916666666666	150776299.6491076
1276.9916666666666	154882014.1625986
1340.9916666666666	107418201.87308182
1404.9916666666668	58554474.39167002
1468.9916666666668	166616873.85877645
1532.9916666666668	79499746.17685466
1596.9916666666668	425787360.4804529
1660.9916666666668	284562222.4092732
1724.9916666666668	181151898.88860813
1788.9916666666668	75041197.10573265
1852.9916666666668	188037042.8047953
1916.9916666666668	398740064.2696387
1980.9916666666668	251243168.8782741
2044.9916666666668	236021728.1190882
2108.991666666667	229118428.61939752
2172.991666666667	391443536.9508738
2236.991666666667	234474342.30181667
2300.991666666667	367333781.30748856
2364.991666666667	418623257.6129261
2428.991666666667	216796576.90959513
2492.991666666667	56256582.592096835
2556.991666666667	222825336.34458113
2620.991666666667	32069417.96132365
2684.991666666667	222155304.25333235
2748.991666666667	338617351.6005332
2812.991666666667	436901828.6622478
2876.991666666667	284173407.69680536
2940.991666666667	240405662.31093115
3004.991666666667	64911157.96696055
3068.991666666667	131588298.34008712
3132.991666666667	162462791.79970944
3196.991666666667	139157527.8380208
3260.991666666667	324081503.8675945
3324.991666666667	486264663.3197907
3388.991666666667	363139592.1162203
3452.991666666667	493515511.6902224
3516.991666666667	347055545.60002565
3580.991666666667	422281136.14908206
3650.0	273648570.20933616
3714.0	507970329.7015444
3778.0	206138563.58608818
3842.0	102993072.74633458
3906.0	141980743.61873144
3970.0	285639665.2366875
4034.0	1763168804.9425678
4098.0	1506439882.1947672
4162.0	1781843254.6616185
4226.0	892755590.7771678
4290.0	1730525520.3664947
4354.0	1024614711.1558279
4418.0	1662951835.7884696
4482.0	1236373036.9032755
4546.0	310766807.18971515
4610.0	1830559337.354721
4674.0	1646271311.391507
4738.0	690726109.4058241
4802.0	3053201811.4544253
4866.0	324847162.104427
4930.0	1820182561.424524
4994.0	1589832737.8571935
5058.0	333357283.00328684
5122.0	2192389088.8510427
5186.0	64511869.51362312
5250.0	341921580.3480016
5314.0	361144251.78254867
5378.0	3077110795.5913415
5442.0	1556658992.01464
5506.0	353436347.3857875
5570.0	356334897.29313457
5634.0	600483550.6298012
5698.0	2470415522.5052824
5762.0	365070788.2935507
5826.0	2312927484.458345
5890.0	370934479.3843298
5954.0	669448540.8584423
6018.0	82326532.98369348
6082.0	870821990.5885985
6146.0	403981989.815883
6210.0	2003545787.5893784
6274.0	388728167.0547055
6338.0	1376580798.5554843
6402.0	3184755011.24586
6466.0	111721620.57575673
6530.0	3209105986.145428
6594.0	2862498921.296873
6658.0	134704190.93390685
6722.0	409893888.2770246
6786.0	412952960.76070493
6850.0	2406970239.166767
6914.0	1773061592.9416513
6978.0	422191969.318306
7042.0	425290335.70223016
7106.0	3214677949.5429354
7170.0	431517463.2993539
7234.0	434645102.3892468
7300.0	72354040.20568252
7364.0	441030036.2245989
7428.0	249979956.13006797
7492.0	447357933.14076734
7556.0	2087144670.5140693
7620.0	480279384.5828166
7684.0	3421745837.7041683
7748.0	460132826.8299062
7812.0	463351387.9400018
7876.0	1014583699.4333794
7940.0	762557376.7567005
8004.0	473073726.3737058
8068.0	2766636956.4517965
8132.0	2906167333.0072346
8196.0	779579597.4003108
8260.0	486181301.1774782
8324.0	465115556.42574275
8388.0	492799847.9522006
8452.0	326162892.3409394
8516.0	922630740.954982
8580.0	2604296592.24521
8644.0	506165628.72217983
8708.0	2786593422.460695
8772.0	607645196.5108082
8836.0	1124660017.0117822
8900.0	2057329433.2793403
8964.0	2208199613.469276
9028.0	840487372.771373
9092.0	571398341.1715031
9156.0	3531859587.3937187
9220.0	2619409722.1203036
9284.0	3154988293.4179688
9348.0	2724717666.799774
9412.0	3615112574.2226734
9476.0	2458293108.9232407
9540.0	382690440.0550122
9604.0	2480982397.383279
9668.0	3090515962.589967
9732.0	3005896302.548044
9796.0	568486006.0739983
9860.0	1722781804.346679
9924.0	1488098230.0419703
9988.0	579227444.0617919
10052.0	160881895.86397928
10116.0	5926947.89104569
10180.0	2074604503.1126814
10244.0	488271714.48892355
10308.0	3368038670.0380163
10372.0	836246098.3251961
10436.0	209675787.3232594
10500.0	741297782.9080442
10564.0	1552497731.8154018
10628.0	1998900688.2236867
10692.0	2433213540.6305118
10756.0	623231725.4235784
10820.0	626976775.3358526
10884.0	2673186628.4210315
10950.0	902210147.1307883
11014.0	3457973021.451372
11078.0	3517288214.42538
11142.0	645985302.583427
11206.0	218901093.8648185
11270.0	140437935.26470357
11334.0	3613139207.5295644
11398.0	661316288.0640403
11462.0	2899556923.634278
11526.0	12935991.986250758
11590.0	407365022.0767213
11654.0	1573532145.5266733
11718.0	1471031590.712175
11782.0	684673232.2865283
11846.0	649474528.5990677
11910.0	692554927.4805757
11974.0	1752033216.8804936
12038.0	1937072832.73245
12102.0	1832378892.3580542
12166.0	1942231190.704524
12230.0	3538760723.3156495
12294.0	716499376.2993544
12358.0	720532070.5159533
12422.0	724576568.4243668
12486.0	1225262155.3054714
12550.0	336116870.7911887
12614.0	2756271846.289259
12678.0	740882713.6157033
12742.0	2849834713.8712077
12806.0	2806892769.2937856
12870.0	753240852.4219575
12934.0	3116683609.1550026
12998.0	3085626135.902157
13062.0	1066044032.6369
13126.0	694746038.1523948
13190.0	1019302319.1454462
13254.0	2340047063.7499604
13318.0	1846878122.0234096
13382.0	786752607.7331833
13446.0	416135622.1852529
13510.0	3116735673.4559402
13574.0	799533409.0838422
13638.0	803814712.479204
13702.0	1926936627.2687638
13766.0	2523292537.78976
13830.0	3457634060.479783
13894.0	821082368.6317128
13958.0	2751985874.7245326
14022.0	1461108153.2887926
14086.0	965623586.721571
14150.0	41509919.13444388
14214.0	2658651463.172333
14278.0	313278499.7117409
14342.0	3717195372.4064245
14406.0	3514111449.339672
14470.0	1627347810.4432178
14534.0	865144840.2949018
14600.0	60276255.42985225
14664.0	2842408921.375559
14728.0	878762028.9340445
14792.0	3712437345.964817
14856.0	1990822741.3023822
14920.0	1116878563.6569088
14984.0	896910255.5186585
15048.0	901479901.2447056
15112.0	906069885.3599627
15176.0	2554943731.7472053
15240.0	3277369309.916047
15304.0	3839530672.553279
15368.0	924530248.089291
15432.0	1695436447.9826198
15496.0	2479024157.594492
15560.0	938520370.6538167
15624.0	1429890631.6752586
15688.0	947913823.622502
15752.0	158454243.62278044
15816.0	957360306.7472645
15880.0	962104775.2314781
15944.0	172402051.38268232
16008.0	971633737.4711822
16072.0	304407457.00370955
16136.0	981213669.3994055
16200.0	986023637.1480614
16264.0	990848292.1133729
16328.0	731135228.0627034
16392.0	826203422.0730146
16456.0	2222270554.9158154
16520.0	3064574664.92416
16584.0	1712004499.2517052
16648.0	1599986058.91651
16712.0	3570163909.7651854
16776.0	1029937525.0032606
16840.0	1140260140.0692825
16904.0	1039845262.6872795
16968.0	1338822234.8680387
17032.0	2771584118.1120768
17096.0	2268220802.6002617
17160.0	2448907075.290476
17224.0	2722616529.830411
17288.0	2483354080.317444
17352.0	2561380611.6946225
17416.0	530357378.18663967
17480.0	1436281408.4940448
17544.0	3433708958.6324015
17608.0	2597382451.6242275
17672.0	657860872.577946
17736.0	1105601994.8230596
17800.0	3117454242.819169
17864.0	1115930102.5695693
17928.0	1121114860.5667226
17992.0	2787461801.335188
18056.0	1131521577.4536808
18120.0	1136745655.9290597
18184.0	2819226176.603836
18250.0	3505881339.3911376
18314.0	3044164294.977134
18378.0	2339548304.813117
18442.0	1163256209.5043695
18506.0	952945081.7066131
18570.0	1173892088.9018407
18634.0	1179231748.066553
18698.0	1184585527.1137567
18762.0	695745038.4056791
18826.0	1640781316.905924
18890.0	85251527.7291255
18954.0	3524699567.8069277
19018.0	1839413131.7040787
19082.0	1946864815.7680397
19146.0	1222463435.445184
19210.0	2730294423.539094
19274.0	1233413553.2078488
19338.0	4225943981.511401
19402.0	3367408304.2456923
19466.0	3580416846.973243
19530.0	2737676450.8877764
19594.0	442697359.195413
19658.0	502338128.57737887
19722.0	2879761675.900122
19786.0	556484021.6043726
19850.0	406310309.85200965
19914.0	2135651651.6699564
19978.0	1294684451.5539136
20042.0	3111702271.311287
20106.0	3662684787.0417194
20170.0	3575361992.880205
20234.0	3231432765.5792484
20298.0	3623295160.8703165
20362.0	3663746635.3736405
20426.0	1334592644.363699
20490.0	764470999.9900578
20554.0	4335365921.685875
20618.0	3399748098.4195747
20682.0	4247467288.754186
20746.0	1922618844.3955402
20810.0	3821018879.951261
20874.0	1614185175.2256074
20938.0	253136719.0365889
21002.0	18831992.122386694
21066.0	2768349170.248384
21130.0	1799171088.412697
21194.0	1404691878.1218488
21258.0	1818147019.7475343
21322.0	1498399078.2930384
21386.0	1422553152.7137375
21450.0	1428535918.1893687
21514.0	1434531629.0767553
21578.0	3397520771.807826
21642.0	3790236528.5487
21706.0	3649248991.5926304
21770.0	2225892759.8822546
21834.0	764882726.5752513
21900.0	2509479650.5151167
21964.0	998939152.9159818
22028.0	1935174643.1546695
22092.0	1489384264.4254825
22156.0	1274236095.5858693
22220.0	2587780582.057081
22284.0	1507877808.9022064
22348.0	1915842598.2246723
22412.0	4566032354.215785
22476.0	1277372185.1636994
22540.0	3585306584.550145
22604.0	1539003315.2165334
22668.0	3618874948.775073
22732.0	2508008339.2668085
22796.0	531447749.50288415
22860.0	1564185895.967164
22924.0	448701089.2416415
22988.0	1576864329.985508
23052.0	1382569594.6500049
23116.0	3655396136.077804
23180.0	2200677828.5940356
23244.0	3336454839.215667
23308.0	3603010648.0590487
23372.0	1615277176.8116546
23436.0	4155922542.4246817
23500.0	1045046264.7784469
23564.0	2915830500.2899876
23628.0	2357515516.658486
23692.0	3900502307.9844046
23756.0	1654248706.642339
23820.0	3045045411.3403807
23884.0	1667362728.9232895
23948.0	1370277698.0734472
24012.0	1158801242.9213655
24076.0	2147406983.8184497
24140.0	2394239545.548294
24204.0	3965018125.798545
24268.0	2978930695.4461637
24332.0	2346255780.7476234
24396.0	2160217338.4009495
24460.0	1727146116.3559756
24524.0	777041588.8088917
24588.0	4404374408.817146
24652.0	1224017601.7837543
24716.0	1754135368.4489157
24780.0	1760922533.610417
24844.0	1794038345.0904012
24908.0	2386690407.352787
24972.0	3339604652.0730247
25036.0	2369355402.937858
25100.0	1795086812.9898732
25164.0	2417126555.988118
25228.0	2648959928.7688413
25292.0	1815774218.2293003
25356.0	1822701423.862343
25420.0	2311325879.553053
25484.0	79490739.33896112
25550.0	789831852.6630055
25614.0	2991546667.819747
25678.0	1857797034.6290512
25742.0	3648365007.8720846
25806.0	4744945153.662473
25870.0	684768152.1471841
25934.0	3302564509.42809
25998.0	718842735.1569932
26062.0	1151454507.681221
26126.0	1907314227.017773
26190.0	1914450819.7054086
26254.0	4953473234.696668
26318.0	1928773503.2506511
26382.0	2098067152.3885913
26446.0	1943161986.0615635
26510.0	3203715082.185663
26574.0	1028191624.6325047
26638.0	2943613481.5397935
26702.0	1972141296.324491
26766.0	2658108148.106108
26830.0	1553401116.9606552
26894.0	862783377.7602346
26958.0	2001373817.2114995
27022.0	2008721391.420433
27086.0	2016088175.3854158
27150.0	4839829925.223831
27214.0	4853800446.769091
27278.0	2157958923.150453
27342.0	793524134.4049864
27406.0	1260785491.8066936
27470.0	2223669170.339991
27534.0	4537565696.442884
27598.0	390057703.95559573
27662.0	3782024908.0091243
27726.0	728396854.5836763
27790.0	2700150225.1231823
27854.0	2105758591.1575634
27918.0	2113337355.9102945
27982.0	3860875582.9615126
28046.0	4152896674.3280125
28110.0	67072664.26759195
28174.0	2945018683.826272
28238.0	4910792156.85717
28302.0	976964900.5915203
28366.0	3220601771.0749974
28430.0	1297003059.0898166
28494.0	3922483990.3952713
28558.0	1557927432.9580894
28622.0	848885589.7873423
28686.0	5109422142.914
28750.0	1600683616.4395556
28814.0	2221207061.5960345
28878.0	926139993.2701654
28942.0	1424250572.6773767
29006.0	5287188924.051901
29070.0	2252630614.880546
29134.0	2260531203.1692877
29200.0	3309952278.6147676
29264.0	2276627890.666813
29328.0	1291296980.8482976
29392.0	1556471096.782795
29456.0	2088621062.9940405
29520.0	2121969520.5310502
29584.0	2727452125.1779947
29648.0	2015413894.3317327
29712.0	4897302281.043524
29776.0	5281907371.670122
29840.0	4311191192.1402235
29904.0	2356886743.5602517
29968.0	3264252507.9342823
30032.0	3651959386.7789106
30096.0	2381291599.4239197
30160.0	4548461838.124125
30224.0	2397640388.3949547
30288.0	4439965347.635845
30352.0	4848772366.311454
30416.0	1063939957.4545288
30480.0	5267123649.262076
30544.0	2438843608.5784235
30608.0	787531569.0302002
30672.0	3234538355.8791513
30736.0	3045432309.6629024
30800.0	5061867206.101225
30864.0	2480482465.310032
30928.0	3928762538.3426914
30992.0	4048433258.9388866
31056.0	2505658723.2433043
31120.0	3008777467.629225
31184.0	2522535024.3636627
31248.0	1224881704.3383834
31312.0	5359667188.469515
31376.0	4069654275.9747105
31440.0	2556487283.0166116
31504.0	3481998364.7946577
31568.0	224834221.9401226
31632.0	4570412372.960137
31696.0	3221001233.0658894
31760.0	5341504141.498077
31824.0	3954114005.9811106
31888.0	5287661341.56923
31952.0	2794710700.094701
32016.0	4047072023.9935536
32080.0	4957804466.630661
32144.0	1878336584.6280527
32208.0	2349056336.657938
32272.0	3509469201.227344
32336.0	162658167.40015078
32400.0	4861311670.246239
32464.0	287124318.7709074
32528.0	660183264.860256
32592.0	2712769222.4671984
32656.0	3138337690.7400036
32720.0	1431932385.970377
32784.0	456567564.06175613
32850.0	2748564329.8053417
32914.0	5646103218.946053
32978.0	2575892766.9589734
33042.0	2449999720.7214894
33106.0	2975505147.3420534
33170.0	1730253924.8211937
33234.0	3675622155.802284
33298.0	5585919747.043821
33362.0	2820430277.965133
33426.0	270562245.90226316
33490.0	2838580872.0546503
33554.0	976346660.9637189
33618.0	1591577694.2016413
33682.0	4033845944.4468346
33746.0	1237439098.7072272
33810.0	2884262986.80135
33874.0	4416185977.738547
33938.0	759970847.8094802
34002.0	3773362051.7526255
34066.0	1888598574.1495686
34130.0	179437430.61555862
34194.0	2939661607.2142973
34258.0	2948966780.346217
34322.0	2958274630.15577
34386.0	918244735.0424316
34450.0	3905482967.290724
34514.0	1134409171.3101532
34578.0	3990340543.794008
34642.0	3005127056.7093196
34706.0	5903799383.818504
34770.0	4902087866.696696
34834.0	3033463266.6602993
34898.0	844732929.7193475
34962.0	5223598601.842276
35026.0	223638530.72100973
35090.0	3071485171.6897235
35154.0	3988301074.4412017
35218.0	1753867483.8731863
35282.0	4125131446.2670736
35346.0	2508864784.3613853
35410.0	5051390842.933426
35474.0	2931784001.4712825
35538.0	2035757420.41152
35602.0	869726558.1886692
35666.0	6026325285.723946
35730.0	3167844465.8487945
35794.0	3177578534.437414
35858.0	2253246789.71726
35922.0	2685185972.402169
35986.0	3206899888.166601
36050.0	2700742128.762002
36114.0	3226544859.920425
36178.0	3236384726.118399
36242.0	4435293586.081799
36306.0	865637808.6397419
36370.0	442625247.99073315
36434.0	3275959664.919787
36500.0	1717893914.5631886
36564.0	3285735083.9731336
36628.0	2181984409.8559694
36692.0	552972062.7302275
36756.0	5992138905.040787
36820.0	2734123138.509823
36884.0	3346241586.1678863
36948.0	5476928772.774868
37012.0	3366394053.6991625
37076.0	4206171658.781766
37140.0	3956165786.8027472
37204.0	5801711081.8812275
37268.0	2108452599.790832
37332.0	4313755371.083563
37396.0	6008194236.581205
37460.0	3657047363.085338
37524.0	3447817146.322661
37588.0	3458091317.564527
37652.0	5080977224.313522
37716.0	2800042639.7412653
37780.0	1913223118.8545365
37844.0	3499307674.0788164
37908.0	1305485187.7086568
37972.0	6602891661.087426
38036.0	3758240159.8522186
38100.0	3540831224.4159017
38164.0	5516291131.261957
38228.0	5226719658.492781
38292.0	3572170463.934837
38356.0	3582662368.807391
38420.0	3593160597.6551776
38484.0	3603678671.912145
38548.0	6487853978.863234
38612.0	5171869633.796568
38676.0	3635378420.630545
38740.0	867585857.6165133
38804.0	1125659248.0984116
38868.0	1291779281.623231
38932.0	2594552539.270114
38996.0	6337423191.100876
39060.0	3699289572.0147486
39124.0	4069236419.037333
39188.0	4276982668.840023
39252.0	3211154713.7047033
39316.0	1414113421.8950682
39380.0	6726646181.807012
39444.0	6284686519.76075
39508.0	6029197507.15526
39572.0	3785551910.044728
39636.0	6299619820.833448
39700.0	3430768150.9395895
39764.0	2925804534.6942043
39828.0	3661087833.177076
39892.0	1496710663.1380754
39956.0	4874116487.657118
40020.0	3862085146.437908
40084.0	3873094511.1654963
40150.0	3884458627.450683
40214.0	3895498270.706217
40278.0	3906568046.558483
40342.0	3917667933.0371876
40406.0	3928764737.008044
40470.0	3939891225.4641633
40534.0	3951030594.7751575
40598.0	3962199395.659517
40662.0	3973380628.8782816
40726.0	3984591028.2995815
40790.0	3995813397.178606
40854.0	4007064654.204037
40918.0	4018327403.228862
40982.0	4029601302.552536
41046.0	4040903550.48453
41110.0	4052234090.972228
41174.0	4063575123.5364466
41238.0	4074926289.619987
41302.0	4086305167.0356803
41366.0	4097711687.979564
41430.0	4109127640.0982203
41494.0	4120570890.90012
41558.0	4132023019.197507
41622.0	4143502087.3136663
41685.833333333336	4155008012.9112678
41750.0	4166522058.6191225
41814.166666666664	4178062582.910811
41877.916666666664	4189629494.713074
41942.083333333336	4201222700.5102987
42005.833333333336	4212823034.7820315
42070.0	4224430082.855058
42134.166666666664	4236081985.753965
42197.916666666664	4247740182.0324893
42262.083333333336	4259423737.175446
42325.833333333336	4271112938.409153
42390.0	4282827056.606245
42454.166666666664	4294565973.024694
42517.916666666664	4306329566.237959
42582.083333333336	4318097677.6009655
42645.833333333336	4329910139.495717
42710.0	4341726642.645101
42774.166666666664	4353567087.558338
42837.916666666664	4365431337.420538
42902.083333333336	4377319252.575259
42965.833333333336	4389209990.681311
43030.0	4401123880.89
43094.166666666664	4413081698.6844
43157.916666666664	4425041553.995229
43222.083333333336	4437024103.338847
43285.833333333336	4449029187.890715
43350.0	4461056645.803498
43414.166666666664	4473106312.181513
43477.916666666664	4485178019.055186
43542.083333333336	4497249863.946723
43605.833333333336	4509365018.237367
43670.0	4521479723.687185
43734.166666666664	4533637613.896869
43800.0	4546171935.678541
43864.166666666664	4558351527.83433
43927.916666666664	4570574109.867241
43992.083333333336	4582794715.730096
44055.833333333336	4595035473.003626
44120.0	4607296180.015576
44184.166666666664	4619576631.743237
44247.916666666664	4631899671.749878
44312.083333333336	4644219107.101565
44375.833333333336	4656557652.270731
44440.0	4668938510.6906185
44504.166666666664	4681314740.351623
44567.916666666664	4693733085.427775
44632.083333333336	4706146099.068812
44695.833333333336	4718601018.272391
44760.0	4731097986.691913
44824.166666666664	4743588793.349915
44887.916666666664	4756121424.562286
44952.083333333336	4768647152.96432
45015.833333333336	4781214468.752968
45080.0	4793798815.551422
45144.166666666664	4806399938.255842
45207.916666666664	4819017578.025405
45272.083333333336	4831676555.590406
45335.833333333336	4844326569.422638
45400.0	4857017648.792898
45464.166666666664	4869698957.9533615
45527.916666666664	4882421047.119674
45592.083333333336	4895184035.997615
45655.833333333336	4907936280.692748
45720.0	4920729122.884066
45784.166666666664	4933510372.991214
45847.916666666664	4946358192.816922
45912.083333333336	4959193827.730691
45975.833333333336	4972043127.392254
46040.0	4984932485.158415
46104.166666666664	4997862005.724692
46167.916666666664	5010777837.955661
46232.083333333336	5023733481.831191
46295.833333333336	5036701779.08166
46360.0	5049709803.990334
46424.166666666664	5062702573.213042
46487.916666666664	5075734693.360928
46552.083333333336	5088806255.332665
46615.833333333336	5101889382.004619
46680.0	5114983731.384389
46744.166666666664	5128117212.856132
46807.916666666664	5141261509.979542
46872.083333333336	5154416269.357767
46935.833333333336	5167609825.787867
47000.0	5180813417.968118
47064.166666666664	5194026680.901669
47127.916666666664	5207307514.975446
47192.083333333336	5220568586.98105
47255.833333333336	5233867940.097662
47320.0	5247176059.468834
47384.166666666664	5260522294.38024
47450.0	5274295246.170762
47514.166666666664	5287659802.651204
47577.916666666664	5301062066.231013
47642.083333333336	5314471747.860365
47705.833333333336	5327918943.709728
47770.0	5341373052.828788
47834.166666666664	5354864472.877762
47897.916666666664	5368393253.8331995
47962.083333333336	5381897200.8722925
48025.833333333336	5395469256.354039
48090.0	5409015626.999526
48154.166666666664	5422630190.43096
48217.916666666664	5436249955.281168
48282.083333333336	5449874482.321937
48345.833333333336	5463535400.353669
48410.0	5477200508.727808
48474.166666666664	5490901750.1330185
48537.916666666664	5504639153.299107
48602.083333333336	5518380025.638565
48665.833333333336	5532156786.642692
48730.0	5545936411.570091
48794.166666666664	5559751640.356552
48857.916666666664	5573569113.472228
48922.083333333336	5587421893.762661
48985.833333333336	5601309995.029078
49050.0	5615199551.386136
49114.166666666664	5629124116.0064745
49177.916666666664	5643049481.2527075
49242.083333333336	5657009529.750284
49305.833333333336	5671004264.3515
49370.0	5684998960.632129
49434.166666666664	5699028001.347432
49497.916666666664	5713056313.381539
49562.083333333336	5727153857.97476
49625.833333333336	5741214898.981213
49690.0	5755345153.94253
49754.166666666664	5769473603.308122
49817.916666666664	5783635648.021964
49882.083333333336	5797831271.4159565
49945.833333333336	5812024160.192131
50010.0	5826250233.777256
50074.166666666664	5840472817.229964
50137.916666666664	5854765008.706666
50202.083333333336	5869053298.044776
50265.833333333336	5883374306.02276
50330.0	5897690627.437607
50394.166666666664	5912039236.990843
50457.916666666664	5926420096.815162
50522.083333333336	5940833167.438268
50585.833333333336	5955240301.788091
50650.0	5969717483.589453
50714.166666666664	5984149792.923714
50777.916666666664	5998652054.089541
50842.083333333336	6013147075.108359
50905.833333333336	6027673278.179623
50970.0	6042230606.913151
51034.166666666664	6056819003.156601
51100.0	6071874118.24143
51164.166666666664	6086526573.261875
51227.916666666664	6101129927.851104
51292.083333333336	6115803526.400137
51355.833333333336	6130507494.987593
51420.0	6145241761.928336
51484.166666666664	6159965482.65942
51547.916666666664	6174759927.577501
51612.083333333336	6189502117.113771
51675.833333333336	6204314868.833972
51740.0	6219157132.268937
51804.166666666664	6234028821.472181
51867.916666666664	6248887891.901641
51932.083333333336	6263775809.266452
51995.833333333336	6278692478.9284725
52060.0	6293637804.178054
52124.166666666664	6308611686.215814
52187.916666666664	6323614024.134357
52252.083333333336	6338601544.943448
52315.833333333336	6353616903.286023
52380.0	6368659989.215918
52444.166666666664	6383730690.600626
52507.916666666664	6398828893.103009
52572.083333333336	6413954480.162961
52635.833333333336	6429107332.979052
52700.0	6444242709.568743
52764.166666666664	6459449517.597819
52827.916666666664	6474638177.634328
52892.083333333336	6489898434.832654
52955.833333333336	6505139859.538596
53020.0	6520407359.349053
53084.166666666664	6535700796.6464405
53147.916666666664	6551020031.421679
53212.083333333336	6566364921.255893
53275.833333333336	6581781866.582132
53340.0	6597131084.266966
53404.166666666664	6612599042.559266
53467.916666666664	6628045299.349418
53532.083333333336	6643469040.6593275
53595.833333333336	6658964732.796577
53660.0	6674485014.049286
53724.166666666664	6690029722.061621
53787.916666666664	6705598691.903443
53852.083333333336	6721191756.0521
53915.833333333336	6736759980.630367
53980.0	6752400493.673794
54044.166666666664	6768064581.850781
54107.916666666664	6783752067.087331
54172.083333333336	6799413093.637786
54235.833333333336	6815146597.863598
54300.0	6830902947.889484
54364.166666666664	6846631587.479651
54427.916666666664	6862432826.857343
54492.083333333336	6878256336.146969
54555.833333333336	6894101918.118256
54620.0	6909918069.96842
54684.166666666664	6925806958.156632
54750.0	6942183321.7272835
54814.166666666664	6958117069.342513
54877.916666666664	6974071867.906921
54942.083333333336	6990047503.0721655
55005.833333333336	7006043757.577021
55070.0	7022060411.230253
55134.166666666664	7038097240.893597
55197.916666666664	7054154020.46482
55262.083333333336	7070230520.860908
55325.833333333336	7086380465.706634
55390.0	7102495954.181585
55454.166666666664	7118630459.030041
55517.916666666664	7134838435.221601
55582.083333333336	7151065439.684408
55645.833333333336	7167311227.650085
55710.0	7183575551.24728
55774.166666666664	7199858159.485453
55837.916666666664	7216158798.238765
55902.083333333336	7232477210.230151
55965.833333333336	7248813135.015511
56030.0	7265223022.443241
56094.166666666664	7281593434.605065
56157.916666666664	7298037786.853345
56222.083333333336	7314499094.970501
56285.833333333336	7330977084.960272
56350.0	7347471479.5573225
56414.166666666664	7363981998.212181
56477.916666666664	7380566885.623798
56542.083333333336	7397109060.190007
56605.833333333336	7413725553.773361
56670.0	7430357546.497146
56734.166666666664	7446945156.661197
56797.916666666664	7463606993.248059
56862.083333333336	7480283433.885601
56925.833333333336	7497034563.999665
56990.0	7513739564.077684
57054.166666666664	7530519175.046901
57117.916666666664	7547312693.865682
57182.083333333336	7564119804.325766
57245.833333333336	7580940186.726562
57310.0	7597773517.862187
57374.166666666664	7614681771.534613
57437.916666666664	7631540292.6025095
57502.083333333336	7648473627.132955
57565.833333333336	7665482274.235644
57630.0	7682439905.932069
57694.166666666664	7699409035.846148
57757.916666666664	7716453295.228058
57822.083333333336	7733508922.972484
57885.833333333336	7750575568.524966
57950.0	7767652877.672171
58014.166666666664	7784805607.923234
58077.916666666664	7801968856.098973
58142.083333333336	7819142259.334329
58205.833333333336	7836325451.04319
58270.0	7853518060.908187
58334.166666666664	7870786276.557092
58400.0	7888598617.088036
58464.166666666664	7905887300.963681
58527.916666666664	7923184479.155889
58592.083333333336	7940557511.808464
58655.833333333336	7957870810.018097
58720.0	7975259771.753128
58784.166666666664	7992724894.103093
58847.916666666664	8010128796.316778
58912.083333333336	8027608656.805389
58975.833333333336	8045095430.211752
59040.0	8062588707.348325
59104.166666666664	8080158225.12043
59167.916666666664	8097663570.780156
59232.083333333336	8115315692.198096
59295.833333333336	8132902800.20314
59360.0	8150494923.714601
59424.166666666664	8168163318.565993
59487.916666666664	8185908481.850973
59552.083333333336	8203586292.146729
59615.833333333336	8221267996.785033
59680.0	8239099023.946729
59744.166666666664	8256861058.961714
59807.916666666664	8274699843.023307
59872.083333333336	8292541987.1521435
59935.833333333336	8310387035.1814995
60000.0	8328309051.76729
60064.166666666664	8346158842.492704
60127.916666666664	8364160479.222505
60192.083333333336	8382088953.3300295
60255.833333333336	8400094451.46076
60320.0	8418101329.100719
60384.166666666664	8436109105.481599
60447.916666666664	8454194090.528822
60512.083333333336	8472279656.665754
60575.833333333336	8490442767.490868
60640.0	8508528348.241485
60704.166666666664	8526691142.033023
60767.916666666664	8544853192.2258415
60832.083333333336	8563092778.750416
60895.833333333336	8581331275.762028
60960.0	8599568170.717262
61024.166666666664	8617882744.213179
61087.916666666664	8636195355.201931
61152.083333333336	8654505480.282005
61215.833333333336	8672893411.1512
61280.0	8691278480.856585
61344.166666666664	8709741662.633675
61407.916666666664	8728119746.830656
61472.083333333336	8746575552.77422
61535.833333333336	8765109574.542263
61600.0	8783639412.258125
61664.166666666664	8802164513.58629
61727.916666666664	8820767920.654016
61792.083333333336	8839366177.643143
61855.833333333336	8857958720.879103
61920.0	8876629643.331741
61984.166666666664	8895294422.564194
62050.0	8914550150.802155
62114.166666666664	8933289162.762125
62177.916666666664	8952021015.18825
62242.083333333336	8970745121.294352
62305.833333333336	8989547718.500221
62370.0	9008429301.392323
62434.166666666664	9027215247.907803
62497.916666666664	9046167635.508747
62562.083333333336	9065023179.77234
62625.833333333336	9083957492.01158
62690.0	9102882033.25489
62754.166666666664	9121885589.822958
62817.916666666664	9140878879.205303
62882.083333333336	9159951428.020731
62945.833333333336	9179013204.371527
63010.0	9198063575.704128
63074.166666666664	9217193186.801023
63137.916666666664	9236310870.282803
63202.083333333336	9255415981.423935
63265.833333333336	9274600293.416443
63330.0	9293864299.777779
63394.166666666664	9313115304.541462
63457.916666666664	9332352647.642052
63522.083333333336	9351669629.268368
63585.833333333336	9370972389.86323
63650.0	9390355000.847994
63714.166666666664	9409722821.652914
63777.916666666664	9429075171.916786
63842.083333333336	9448507287.608845
63905.833333333336	9467923345.310747
63970.0	9487419364.758165
64034.166666666664	9506898728.705133
64097.916666666664	9526458246.438406
64162.083333333336	9546000500.985132
64225.833333333336	9565623096.982882
64290.0	9585227811.817528
64354.166666666664	9604813928.358873
64417.916666666664	9624480251.952374
64482.083333333336	9644127340.255808
64545.833333333336	9663854806.44238
64610.0	9683663144.772099
64674.166666666664	9703350517.062466
64737.916666666664	9723118103.259993
64802.083333333336	9742966394.598759
64865.833333333336	9762793475.826818
64930.0	9782701418.418139
64994.166666666664	9802587470.972853
65057.916666666664	9822450870.103497
65122.083333333336	9842499020.125492
65185.833333333336	9862420151.365362
65250.0	9882422086.53967
65314.166666666664	9902399957.909567
65377.916666666664	9922458765.675303
65442.083333333336	9942599002.681921
65505.833333333336	9962714518.016296
65570.0	9982804514.041044
65634.16666666667	10002975697.470459
65700.0	10023768321.080965
65764.16666666667	10043997160.044533
65827.91666666667	10064198979.670904
65892.08333333333	10084482228.237583
65955.83333333333	10104737688.9859
66020.0	10125074682.811646
66084.16666666667	10145493702.992823
66147.91666666667	10165884204.913616
66212.08333333333	10186245346.773996
66275.83333333333	10206688214.55334
66340.0	10227213301.290592
66404.16666666667	10247708267.38655
66467.91666666667	10268172253.048319
66532.08333333333	10288718132.658764
66595.83333333333	10309346398.795336
66660.0	10329942893.149012
66724.16666666667	10350506737.739346
66787.91666666667	10371152618.639013
66852.08333333333	10391881027.736115
66915.83333333333	10412575964.333384
66980.0	10433353491.36862
67044.16666666667	10454096676.78397
67107.91666666667	10474922508.092813
67172.08333333333	10495713115.95334
67235.83333333333	10516586418.269865
67300.0	10537423602.50497
67364.16666666667	10558343522.757708
67427.91666666667	10579226417.396578
67492.08333333333	10600192082.506224
67555.83333333333	10621119801.477245
67620.0	10642130318.15636
67684.16666666667	10663224124.884527
67747.91666666667	10684279062.370667
67812.08333333333	10705294173.365461
67875.83333333333	10726515741.696592
67940.0	10747573384.96058
68004.16666666667	10768713869.021435
68067.91666666667	10789937683.686312
68132.08333333333	10811245322.631397
68195.83333333333	10832385121.209135
68260.0	10853734327.444593
68324.16666666667	10875040778.257399
68387.91666666667	10896431044.97028
68452.08333333333	10917777547.850298
68515.83333333333	10939207852.043941
68580.0	10960593370.20299
68644.16666666667	10982062667.04481
68707.91666666667	11003486141.780125
68772.08333333333	11024993364.41767
68835.83333333333	11046584826.995758
68900.0	11068129398.297575
68964.16666666667	11089626033.292183
69027.91666666667	11111338986.450096
69092.08333333333	11133003957.55935
69155.83333333333	11154619886.428478
69220.0	11176319917.91011
69284.16666666667	11198104543.79688
69350.0	11220515333.398191
69414.16666666667	11242201155.316677
69477.91666666667	11264107290.094358
69542.08333333333	11285962103.244364
69605.83333333333	11307764498.870634
69670.0	11329651293.949219
69734.16666666667	11351622979.509762
69797.91666666667	11373541058.829847
69862.08333333333	11395543942.159449
69925.83333333333	11417492054.763496
69990.0	11439524875.784145
70054.16666666667	11461642896.565886
70117.91666666667	11483704915.097124
70182.08333333333	11505852029.868666
70245.83333333333	11527941943.221523
70310.0	11550116839.921648
70374.16666666667	11572377211.33053
70437.91666666667	11594579106.067604
70502.08333333333	11616866354.336792
70565.83333333333	11639093891.475388
70630.0	11661552767.783663
70694.16666666667	11683805125.02412
70757.91666666667	11706289807.356188
70822.08333333333	11728713389.001492
70885.83333333333	11751074668.805275
70950.0	11773521376.901285
71014.16666666667	11796054003.77757
71077.91666666667	11818522963.390602
71142.08333333333	11841228337.159298
71205.83333333333	11863718655.993658
71270.0	11886294570.166622
71334.16666666667	11908956569.257545
71397.91666666667	11931705146.58658
71462.08333333333	11954387248.491362
71525.83333333333	11977001619.4686
71590.0	11999856429.866894
71654.16666666667	12022488016.793646
71717.91666666667	12045361023.529709
71782.08333333333	12068321228.802845
71845.83333333333	12091054964.586048
71910.0	12114032186.755434
71974.16666666667	12136938628.43194
72037.91666666667	12159931861.873142
72102.08333333333	12182852905.254948
72165.83333333333	12206020601.50358
72230.0	12229115890.467728
72294.16666666667	12252137448.251053
72357.91666666667	12275245846.608984
72422.08333333333	12298279065.55554
72485.83333333333	12321562009.744572
72550.0	12344605796.878311
72614.16666666667	12367900291.61136
72677.91666666667	12391117891.679491
72742.08333333333	12414422826.022043
72805.83333333333	12437815588.336536
72870.0	12461129831.352379
72934.16666666667	12484364174.489885
73000.0	12508525836.22131
