t(days)	RNP(psia2/cp-D/Mscf)
0.25	145595110.09403554
0.33040833333333336	241368047.07111037
0.4861958333333333	261720570.50753382
0.7977666666666666	163169960.82600436
1.4209083333333332	33237113.076452296
2.667195833333333	6423161.727599926
5.07725	26092423.39278867
9.897375	230070145.2272667
19.198041666666665	82405395.3106574
35.644875	23346507.916668877
66.05958333333334	247231365.67928803
124.99208333333333	229363621.36109614
188.99208333333334	54925219.82224909
252.99208333333334	64596930.377654806
316.99208333333337	108787790.47144702
380.9920833333333	85500232.7452982
444.9916666666666	146721751.71652523
508.9916666666666	152933423.19456232
572.9916666666667	101258347.81375523
636.9916666666667	274355519.20205843
700.9916666666667	342865517.15261394
764.9916666666667	41949792.95633069
828.9916666666667	306590005.67850095
892.9916666666667	385775186.1028757
956.9916666666667	133134715.11106944
1020.9916666666667	8151312.117426708
1084.9916666666666	381957182.66934115
1148.9916666666666	318860887.2985655
1212.9916666666666	196054485.9472221
1276.9916666666666	154882014.1625986
1340.9916666666666	158885436.30802172
1404.9916666666668	14287941.629832506
1468.9916666666668	166616873.85877645
1532.9916666666668	170358081.7113927
1596.9916666666668	324625297.5093298
1660.9916666666668	244881277.68683976
1724.9916666666668	181151898.88860813
1788.9916666666668	184622514.39057633
1852.9916666666668	116851577.17880088
1916.9916666666668	351672553.69532
1980.9916666666668	124936455.9311373
2044.9916666666668	197978065.31873927
2108.991666666667	217934397.0963995
2172.991666666667	204396026.01222086
2236.991666666667	336324831.32250047
2300.991666666667	127477832.4965134
2364.991666666667	363258332.9364819
2428.991666666667	117982403.20950097
2492.991666666667	327678524.9423509
2556.991666666667	417975873.6374432
2620.991666666667	225804125.6869851
2684.991666666667	142216409.24690652
2748.991666666667	25198623.21206245
2812.991666666667	134588179.0472856
2876.991666666667	468094516.66725856
2940.991666666667	193163406.63442975
3004.991666666667	250220092.47114214
3068.991666666667	30666398.661824316
3132.991666666667	498381414.2056507
3196.991666666667	245435728.7282163
3260.991666666667	225418039.4338644
3324.991666666667	261312373.3201815
3388.991666666667	267248649.34957653
3452.991666666667	5164605.300871104
3516.991666666667	140665479.53230894
3580.991666666667	317119142.2012056
3650.0	271705372.18945765
3714.0	224626938.6857179
3778.0	308158215.5778038
3842.0	280069713.6833629
3906.0	282854774.6435953
3970.0	285639665.2366875
4034.0	976602011.9783128
4098.0	962920667.7773484
4162.0	2851343856.1563196
4226.0	1062977131.4185221
4290.0	299576357.2538301
4354.0	2273410560.9191947
4418.0	1717081111.9130864
4482.0	260595443.3330722
4546.0	1116906461.1428442
4610.0	313573941.2485879
4674.0	3012952111.040761
4738.0	302208224.88357043
4802.0	779380992.1822865
4866.0	324847162.104427
4930.0	327677857.4098492
4994.0	182391339.42835978
5058.0	460536846.4823091
5122.0	336206480.25779885
5186.0	1047942928.5154188
5250.0	404606868.5339712
5314.0	344790655.7024004
5378.0	844655627.6101365
5442.0	2353079323.1577406
5506.0	430237923.7769361
5570.0	803399078.4707904
5634.0	2278748459.141051
5698.0	2870044334.4443083
5762.0	1384408005.2830842
5826.0	1593069874.0333035
5890.0	2953170744.5250154
5954.0	2610069104.7835975
6018.0	1390964582.3646445
6082.0	578749404.6317188
6146.0	312236659.28814435
6210.0	3304442229.4738483
6274.0	388728167.0547055
6338.0	1148943098.2368424
6402.0	3347710719.7800784
6466.0	641680728.8374288
6530.0	1019802889.0141287
6594.0	403799320.9293648
6658.0	1350910173.8844013
6722.0	1852407661.1347551
6786.0	809063915.1052386
6850.0	416022700.89089435
6914.0	547352804.237664
6978.0	3466837294.898198
7042.0	2930637034.780136
7106.0	428399017.1894345
7170.0	431517463.2993539
7234.0	434645102.3892468
7300.0	437882267.2112007
7364.0	441030036.2245989
7428.0	444187347.2013509
7492.0	447357933.14076734
7556.0	450534846.66372013
7620.0	453724022.9539432
7684.0	567722371.9143673
7748.0	266178009.80726203
7812.0	463351387.9400018
7876.0	466582543.2489166
7940.0	2233236458.5079994
8004.0	978816364.0703114
8068.0	79671337.32698685
8132.0	1008426490.8248343
8196.0	2390512496.6858954
8260.0	3243385442.5919285
8324.0	1753113112.7169924
8388.0	1900806249.2447329
8452.0	1228727730.1860156
8516.0	1896078218.5855508
8580.0	502807598.51110023
8644.0	117781017.63213623
8708.0	513073548.8776249
8772.0	2046489434.2080545
8836.0	516302307.1107868
8900.0	125370872.56681627
8964.0	837995966.3781345
9028.0	326995324.1471181
9092.0	529973387.2651337
9156.0	3529349342.1316495
9220.0	536873389.7747666
9284.0	540342578.955218
9348.0	719616854.4834652
9412.0	715925903.811718
9476.0	3259443288.719338
9540.0	554322782.1915964
9604.0	881440640.7030215
9668.0	2405482635.5413895
9732.0	564928353.2492726
9796.0	1053061657.8707209
9860.0	572057104.389277
9924.0	2955002238.6049542
9988.0	1245760693.980156
10052.0	299972633.686818
10116.0	1986323549.4182682
10180.0	644225381.5002041
10244.0	593711917.5575542
10308.0	155893495.577434
10372.0	601019589.4455041
10436.0	604694153.0511243
10500.0	2565016403.7570677
10564.0	1838727068.8394835
10628.0	615780539.2607211
10692.0	3137380496.8571053
10756.0	623231725.4235784
10820.0	1839694243.3882957
10884.0	1729770640.133122
10950.0	634616525.0717988
11014.0	1653033139.331201
11078.0	778135483.6164997
11142.0	2156551637.1797423
11206.0	649800922.1968096
11270.0	593919113.2700747
11334.0	657466808.5477659
11398.0	526709851.9862828
11462.0	2069648780.7494988
11526.0	2089808573.9392061
11590.0	5546646.499423981
11654.0	1858079326.9027371
11718.0	168794040.76391733
11782.0	684673232.2865283
11846.0	688609358.6996111
11910.0	692554927.4805757
11974.0	2465993219.858918
12038.0	2481161499.9342446
12102.0	704470313.1743633
12166.0	708465429.05734
12230.0	1960690363.6101518
12294.0	3751233637.0343266
12358.0	2909049968.6848545
12422.0	612495648.2783686
12486.0	728632499.9561946
12550.0	3759370807.5280337
12614.0	2341966330.8868732
12678.0	857423848.9124889
12742.0	744992567.5346774
12806.0	2463169839.2727447
12870.0	247321145.5597645
12934.0	560942169.1396036
12998.0	2587318167.6938963
13062.0	456276748.1850008
13126.0	3756445968.1404424
13190.0	774097034.7201585
13254.0	2458016844.013625
13318.0	782519056.3362199
13382.0	786752607.7331833
13446.0	1941171955.6928334
13510.0	795263492.1336807
13574.0	2171706580.806572
13638.0	3705967012.8199606
13702.0	885662650.9177699
13766.0	654307266.6592778
13830.0	1624089303.5870025
13894.0	3630608506.3249574
13958.0	3783409891.6210394
14022.0	450498409.3087598
14086.0	958781951.1747984
14150.0	838556298.7386442
14214.0	3786178825.4640565
14278.0	3080653704.2664003
14342.0	3448498686.750051
14406.0	355546569.4380076
14470.0	2623983878.264614
14534.0	2444352661.269183
14600.0	869761382.3935541
14664.0	268073993.49590027
14728.0	878762028.9340445
14792.0	1630147774.0875788
14856.0	2800696710.9556193
14920.0	892352478.8287741
14984.0	896910255.5186585
15048.0	2257717015.694107
15112.0	3200123753.206998
15176.0	1039992056.7551241
15240.0	2217456619.4560585
15304.0	2826935213.577298
15368.0	467679714.3145379
15432.0	3783898405.3174763
15496.0	3112454911.40979
15560.0	3798640784.406252
15624.0	943210437.7212949
15688.0	3696969162.3268642
15752.0	952630223.1007174
15816.0	1251210984.4317527
15880.0	262125620.2073357
15944.0	804158750.3737243
16008.0	3188350029.584778
16072.0	3069565478.094924
16136.0	3107944642.0799985
16200.0	986023637.1480614
16264.0	112660132.23669314
16328.0	2934923793.4220753
16392.0	1141951522.0531268
16456.0	3561697459.754372
16520.0	1677229065.4311829
16584.0	1485271987.7610488
16648.0	1020084861.0479568
16712.0	2072149735.2054968
16776.0	1111779781.4907806
16840.0	1170111141.5916598
16904.0	321677760.2005615
16968.0	3191287149.856415
17032.0	3932597326.5267396
17096.0	2727216801.8184233
17160.0	1911172776.3529701
17224.0	3243672871.4379926
17288.0	3467268255.098593
17352.0	1544838972.5997672
17416.0	1080035538.8754299
17480.0	4085631321.905399
17544.0	39787215.6460675
17608.0	1095333096.5937655
17672.0	2042339530.5023117
17736.0	4007195571.5750337
17800.0	1966644918.9112875
17864.0	1115930102.5695693
17928.0	1723519268.7674184
17992.0	661409227.3138249
18056.0	2725843442.167693
18120.0	3473328225.9215984
18184.0	1141984565.1119246
18250.0	2331347620.7121553
18314.0	2020651244.8983116
18378.0	255222557.3937955
18442.0	2747909743.4038143
18506.0	1088737272.0545692
18570.0	275716916.17475164
18634.0	1179231748.066553
18698.0	3146541359.5498857
18762.0	953758625.3818008
18826.0	2848455213.345217
18890.0	2516336158.1032705
18954.0	1341803394.2593496
19018.0	3256788410.3315854
19082.0	2577547381.7126427
19146.0	3776476323.245282
19210.0	1227931093.1935768
19274.0	3536243571.1000223
19338.0	3474976552.8937616
19402.0	1117178277.0703855
19466.0	258398806.36838663
19530.0	758208351.4997032
19594.0	2592067125.114728
19658.0	1266619575.7743
19722.0	4177300020.372764
19786.0	3059580804.643325
19850.0	2007026197.4582996
19914.0	155188370.40775156
19978.0	1294684451.5539136
20042.0	3383316118.131428
20106.0	1306013921.5688026
20170.0	1311699725.6570098
20234.0	4065677553.2585964
20298.0	1323115815.0958917
20362.0	1372143301.7989657
20426.0	887396304.9510376
20490.0	2726382632.8573904
20554.0	1346130119.3746
20618.0	3767323768.914451
20682.0	714071156.2721684
20746.0	1676371292.791146
20810.0	469316783.84366703
20874.0	1375222367.7842643
20938.0	458639469.5408218
21002.0	1386963460.526542
21066.0	3224159264.5803633
21130.0	2780050554.6008635
21194.0	638848311.287247
21258.0	795323519.3963366
21322.0	3559459858.87014
21386.0	4487995988.03431
21450.0	1428535918.1893687
21514.0	2657474240.9193287
21578.0	956513751.567678
21642.0	3963608826.844137
21706.0	1452613706.5327203
21770.0	1458671917.3662734
21834.0	685395435.8296642
21900.0	446574198.94881904
21964.0	1477130140.6413665
22028.0	2576212409.977581
22092.0	2596353920.2706842
22156.0	1688296866.756488
22220.0	2901321461.6371174
22284.0	3888080621.8823104
22348.0	4317777074.235041
22412.0	4116357379.7547274
22476.0	1929008261.276485
22540.0	139330546.78973436
22604.0	2335514300.655864
22668.0	67164162.05443454
22732.0	164566021.38220906
22796.0	1557868063.4197662
22860.0	2529533836.9438806
22924.0	1570518076.7020974
22988.0	488856404.379617
23052.0	2413570257.0407295
23116.0	2539310875.3608766
23180.0	4396241051.207797
23244.0	2959689202.4537783
23308.0	1688033682.155645
23372.0	2497623707.911795
23436.0	563759395.2194965
23500.0	1703629341.148052
23564.0	1634691450.0168555
23628.0	4063407393.7505655
23692.0	3741697751.0717964
23756.0	1562222067.5764203
23820.0	1660796129.93056
23884.0	1667362728.9232895
23948.0	4659360057.328047
24012.0	1906520138.1551096
24076.0	2278550702.514891
24140.0	27121782.57515931
24204.0	1700421616.9024096
24268.0	1707080482.4009745
24332.0	2246489730.670944
24396.0	3451683922.668413
24460.0	4029526020.9479523
24524.0	4569488303.6977625
24588.0	882629249.6462716
24652.0	4277074925.304551
24716.0	1754135368.4489157
24780.0	4358063704.239477
24844.0	854065530.9184515
24908.0	248482146.43602705
24972.0	1781374391.9994764
25036.0	1788223212.2877047
25100.0	4793817543.210753
25164.0	174196596.0083897
25228.0	3826141899.9522266
25292.0	1815774218.2293003
25356.0	1525550345.2277095
25420.0	2664834353.254288
25484.0	1836603258.899468
25550.0	1843796535.5527773
25614.0	2020080046.2983708
25678.0	4182547131.3096457
25742.0	1864825007.702265
25806.0	1893205571.976623
25870.0	1811802914.9767382
25934.0	3132353117.0856647
25998.0	4616376642.702563
26062.0	1900195726.4216225
26126.0	4930460688.335995
26190.0	3736998567.6109047
26254.0	1921601342.9659007
26318.0	4312725160.813958
26382.0	1787688549.683664
26446.0	2002585258.0518456
26510.0	1950381852.0706694
26574.0	1957618509.9249437
26638.0	1585831340.8784919
26702.0	4401851985.475614
26766.0	1979422749.3886387
26830.0	4770887590.318877
26894.0	3882368804.2529745
26958.0	3591756012.5616865
27022.0	4709637759.584317
27086.0	4996658815.3727665
27150.0	1098209512.7028623
27214.0	2030865384.2750797
27278.0	4063427156.4823523
27342.0	2557934092.225145
27406.0	1791597927.3410184
27470.0	1236198153.984405
27534.0	1237578085.2305098
27598.0	2075604406.8975472
27662.0	4788883968.19734
27726.0	1481425324.5688303
27790.0	497894420.43958545
27854.0	1564144000.735766
27918.0	1599516352.050202
27982.0	5041555837.532266
28046.0	3031733980.5762653
28110.0	4061191015.767062
28174.0	3771211303.623728
28238.0	2678932718.679978
28302.0	398641111.59314394
28366.0	2991964125.981357
28430.0	3090673919.7360945
28494.0	208030070.39843798
28558.0	1728103093.3030286
28622.0	3026715383.3641896
28686.0	3835631905.1722126
28750.0	4333007930.075615
28814.0	2221207061.5960345
28878.0	1392421493.0880547
28942.0	4129228313.7246776
29006.0	421753034.493397
29070.0	215371061.39720583
29134.0	3159010591.076705
29200.0	2268692005.4213963
29264.0	2276627890.666813
29328.0	1258038213.6295114
29392.0	846249588.8445342
29456.0	3128812080.3130264
29520.0	3804689243.4869766
29584.0	5320005467.088699
29648.0	3727661170.293931
29712.0	2663576729.0510173
29776.0	2340698577.377731
29840.0	4720465079.011652
29904.0	2356886743.5602517
29968.0	2365001981.668559
30032.0	4106409996.713379
30096.0	678461109.8826718
30160.0	163955132.58713865
30224.0	3785557052.587772
30288.0	4584034005.152721
30352.0	3673363282.2339077
30416.0	2975342770.5812826
30480.0	2430570037.695368
30544.0	2991360677.385707
30608.0	1955240239.8827357
30672.0	169034444.00220966
30736.0	2268449322.6227636
30800.0	5040675912.918546
30864.0	4962103305.546375
30928.0	1711126850.9649675
30992.0	2497254713.9807196
31056.0	2505658723.2433043
31120.0	2514092321.941172
31184.0	1502032378.4280958
31248.0	3693618122.831644
31312.0	2539480819.0216036
31376.0	2547976600.3795733
31440.0	2556487283.0166116
31504.0	2565019663.776648
31568.0	1229808278.346273
31632.0	4982866535.80678
31696.0	845478202.2621465
31760.0	2599327096.3908877
31824.0	2607950998.3888946
31888.0	3301886003.7021956
31952.0	3503971314.3784385
32016.0	2633923489.0166874
32080.0	2642613788.215517
32144.0	5359020461.885255
32208.0	3797060645.465131
32272.0	2668794937.227181
32336.0	5487448455.280455
32400.0	1481031880.7853303
32464.0	1268435037.93187
32528.0	4308652863.365896
32592.0	1634504127.14208
32656.0	147419132.6381669
32720.0	3336115320.7927384
32784.0	3501211098.0490003
32850.0	2748564329.8053417
32914.0	2757481444.9169865
32978.0	969842787.4241462
33042.0	1724732395.1823254
33106.0	3663082186.956109
33170.0	1222556076.9791949
33234.0	4754989349.399406
33298.0	4312953779.599609
33362.0	739659583.6312594
33426.0	142136012.6057477
33490.0	1138566668.2698169
33554.0	2499157763.7238374
33618.0	372720967.0594058
33682.0	4603774443.945009
33746.0	2875085693.2388654
33810.0	1603794080.9566982
33874.0	728449534.1051607
33938.0	2902658668.533934
34002.0	4877924999.88134
34066.0	2921125469.914681
34130.0	2758746934.539683
34194.0	2939661607.2142973
34258.0	1297547070.5509834
34322.0	5512618990.803641
34386.0	1929799858.3917043
34450.0	3942113856.3428783
34514.0	4406167850.621166
34578.0	340803523.79022264
34642.0	3003264775.4094687
34706.0	3783861674.4787974
34770.0	2952748031.0556164
34834.0	2284491608.632371
34898.0	4252823028.823593
34962.0	855162245.228652
35026.0	3061956094.9615784
35090.0	1891701014.2529309
35154.0	3081032945.162416
35218.0	2359275163.7179494
35282.0	187248324.70205832
35346.0	6119044126.705387
35410.0	70112660.74204206
35474.0	869262771.7747564
35538.0	4978744065.030109
35602.0	689447810.8795271
35666.0	5959797923.111652
35730.0	3674916406.357878
35794.0	3177578534.437414
35858.0	3187328945.797919
35922.0	4780515160.064468
35986.0	1508476787.2012992
36050.0	1514535684.3180952
36114.0	636947715.9262886
36178.0	284502299.9630909
36242.0	3246250823.491001
36306.0	3256143082.0075235
36370.0	3539344051.3411455
36434.0	2091985202.597432
36500.0	517484246.66457415
36564.0	1407545377.4206886
36628.0	4090742073.359878
36692.0	3316148113.1493587
36756.0	3326162534.153577
36820.0	1977023641.4139264
36884.0	1247405969.6518674
36948.0	1077627805.3068933
37012.0	6166363333.071655
37076.0	2072734672.5940158
37140.0	4072959310.673798
37204.0	3396778268.2980156
37268.0	3406949603.347463
37332.0	3737296740.9378915
37396.0	4879750478.774667
37460.0	3864987986.510933
37524.0	3447817146.322661
37588.0	3073119967.079945
37652.0	3468362276.2403026
37716.0	2980757176.4210815
37780.0	3488970605.291941
37844.0	1023308034.1949334
37908.0	6253447150.102751
37972.0	1250694449.4935365
38036.0	5832570440.097622
38100.0	1901781514.7144935
38164.0	5565281431.881229
38228.0	2163960643.2741632
38292.0	3347819194.3476105
38356.0	3857180701.4606967
38420.0	3593160597.6551776
38484.0	2575147579.0980577
38548.0	724232870.7235103
38612.0	6117585193.72981
38676.0	3635378420.630545
38740.0	4922155441.977379
38804.0	6233056415.402088
38868.0	3667250616.0467734
38932.0	3677902339.228244
38996.0	2882619632.590531
39060.0	6631942357.850455
39124.0	1781658048.1378376
39188.0	1239022580.4109564
39252.0	4203904266.917153
39316.0	1595126492.6241825
39380.0	5885090288.81539
39444.0	4316530332.279749
39508.0	3774697093.8102646
39572.0	3945032419.883996
39636.0	3796422877.5083375
39700.0	3019105302.5136366
39764.0	5734387913.808732
39828.0	3829161567.72766
39892.0	2911603160.0903425
39956.0	4452242660.11829
40020.0	3862085146.437908
40084.0	3873094511.1654963
40150.0	3884458627.450683
40214.0	3895498270.706217
40278.0	3906568046.558483
40342.0	3917667933.0371876
40406.0	3928764737.008044
40470.0	3939891225.4641633
40534.0	3951030594.7751575
40598.0	3962199395.659517
40662.0	3973380628.8782816
40726.0	3984591028.2995815
40790.0	3995813397.178606
40854.0	4007064654.204037
40918.0	4018327403.228862
40982.0	4029601302.552536
41046.0	4040903550.48453
41110.0	4052234090.972228
41174.0	4063575123.5364466
41238.0	4074926289.619987
41302.0	4086305167.0356803
41366.0	4097711687.979564
41430.0	4109127640.0982203
41494.0	4120570890.90012
41558.0	4132023019.197507
41622.0	4143502087.3136663
41685.833333333336	4155008012.9112678
41750.0	4166522058.6191225
41814.166666666664	4178062582.910811
41877.916666666664	4189629494.713074
41942.083333333336	4201222700.5102987
42005.833333333336	4212823034.7820315
42070.0	4224430082.855058
42134.166666666664	4236081985.753965
42197.916666666664	4247740182.0324893
42262.083333333336	4259423737.175446
42325.833333333336	4271112938.409153
42390.0	4282827056.606245
42454.166666666664	4294565973.024694
42517.916666666664	4306329566.237959
42582.083333333336	4318097677.6009655
42645.833333333336	4329910139.495717
42710.0	4341726642.645101
42774.166666666664	4353567087.558338
42837.916666666664	4365431337.420538
42902.083333333336	4377319252.575259
42965.833333333336	4389209990.681311
43030.0	4401123880.89
43094.166666666664	4413081698.6844
43157.916666666664	4425041553.995229
43222.083333333336	4437024103.338847
43285.833333333336	4449029187.890715
43350.0	4461056645.803498
43414.166666666664	4473106312.181513
43477.916666666664	4485178019.055186
43542.083333333336	4497249863.946723
43605.833333333336	4509365018.237367
43670.0	4521479723.687185
43734.166666666664	4533637613.896869
43800.0	4546171935.678541
43864.166666666664	4558351527.83433
43927.916666666664	4570574109.867241
43992.083333333336	4582794715.730096
44055.833333333336	4595035473.003626
44120.0	4607296180.015576
44184.166666666664	4619576631.743237
44247.916666666664	4631899671.749878
44312.083333333336	4644219107.101565
44375.833333333336	4656557652.270731
44440.0	4668938510.6906185
44504.166666666664	4681314740.351623
44567.916666666664	4693733085.427775
44632.083333333336	4706146099.068812
44695.833333333336	4718601018.272391
44760.0	4731097986.691913
44824.166666666664	4743588793.349915
44887.916666666664	4756121424.562286
44952.083333333336	4768647152.96432
45015.833333333336	4781214468.752968
45080.0	4793798815.551422
45144.166666666664	4806399938.255842
45207.916666666664	4819017578.025405
45272.083333333336	4831676555.590406
45335.833333333336	4844326569.422638
45400.0	4857017648.792898
45464.166666666664	4869698957.9533615
45527.916666666664	4882421047.119674
45592.083333333336	4895184035.997615
45655.833333333336	4907936280.692748
45720.0	4920729122.884066
45784.166666666664	4933510372.991214
45847.916666666664	4946358192.816922
45912.083333333336	4959193827.730691
45975.833333333336	4972043127.392254
46040.0	4984932485.158415
46104.166666666664	4997862005.724692
46167.916666666664	5010777837.955661
46232.083333333336	5023733481.831191
46295.833333333336	5036701779.08166
46360.0	5049709803.990334
46424.166666666664	5062702573.213042
46487.916666666664	5075734693.360928
46552.083333333336	5088806255.332665
46615.833333333336	5101889382.004619
46680.0	5114983731.384389
46744.166666666664	5128117212.856132
46807.916666666664	5141261509.979542
46872.083333333336	5154416269.357767
46935.833333333336	5167609825.787867
47000.0	5180813417.968118
47064.166666666664	5194026680.901669
47127.916666666664	5207307514.975446
47192.083333333336	5220568586.98105
47255.833333333336	5233867940.097662
47320.0	5247176059.468834
47384.166666666664	5260522294.38024
47450.0	5274295246.170762
47514.166666666664	5287659802.651204
47577.916666666664	5301062066.231013
47642.083333333336	5314471747.860365
47705.833333333336	5327918943.709728
47770.0	5341373052.828788
47834.166666666664	5354864472.877762
47897.916666666664	5368393253.8331995
47962.083333333336	5381897200.8722925
48025.833333333336	5395469256.354039
48090.0	5409015626.999526
48154.166666666664	5422630190.43096
48217.916666666664	5436249955.281168
48282.083333333336	5449874482.321937
48345.833333333336	5463535400.353669
48410.0	5477200508.727808
48474.166666666664	5490901750.1330185
48537.916666666664	5504639153.299107
48602.083333333336	5518380025.638565
48665.833333333336	5532156786.642692
48730.0	5545936411.570091
48794.166666666664	5559751640.356552
48857.916666666664	5573569113.472228
48922.083333333336	5587421893.762661
48985.833333333336	5601309995.029078
49050.0	5615199551.386136
49114.166666666664	5629124116.0064745
49177.916666666664	5643049481.2527075
49242.083333333336	5657009529.750284
49305.833333333336	5671004264.3515
49370.0	5684998960.632129
49434.166666666664	5699028001.347432
49497.916666666664	5713056313.381539
49562.083333333336	5727153857.97476
49625.833333333336	5741214898.981213
49690.0	5755345153.94253
49754.166666666664	5769473603.308122
49817.916666666664	5783635648.021964
49882.083333333336	5797831271.4159565
49945.833333333336	5812024160.192131
50010.0	5826250233.777256
50074.166666666664	5840472817.229964
50137.916666666664	5854765008.706666
50202.083333333336	5869053298.044776
50265.833333333336	5883374306.02276
50330.0	5897690627.437607
50394.166666666664	5912039236.990843
50457.916666666664	5926420096.815162
50522.083333333336	5940833167.438268
50585.833333333336	5955240301.788091
50650.0	5969717483.589453
50714.166666666664	5984149792.923714
50777.916666666664	5998652054.089541
50842.083333333336	6013147075.108359
50905.833333333336	6027673278.179623
50970.0	6042230606.913151
51034.166666666664	6056819003.156601
51100.0	6071874118.24143
51164.166666666664	6086526573.261875
51227.916666666664	6101129927.851104
51292.083333333336	6115803526.400137
51355.833333333336	6130507494.987593
51420.0	6145241761.928336
51484.166666666664	6159965482.65942
51547.916666666664	6174759927.577501
51612.083333333336	6189502117.113771
51675.833333333336	6204314868.833972
51740.0	6219157132.268937
51804.166666666664	6234028821.472181
51867.916666666664	6248887891.901641
51932.083333333336	6263775809.266452
51995.833333333336	6278692478.9284725
52060.0	6293637804.178054
52124.166666666664	6308611686.215814
52187.916666666664	6323614024.134357
52252.083333333336	6338601544.943448
52315.833333333336	6353616903.286023
52380.0	6368659989.215918
52444.166666666664	6383730690.600626
52507.916666666664	6398828893.103009
52572.083333333336	6413954480.162961
52635.833333333336	6429107332.979052
52700.0	6444242709.568743
52764.166666666664	6459449517.597819
52827.916666666664	6474638177.634328
52892.083333333336	6489898434.832654
52955.833333333336	6505139859.538596
53020.0	6520407359.349053
53084.166666666664	6535700796.6464405
53147.916666666664	6551020031.421679
53212.083333333336	6566364921.255893
53275.833333333336	6581781866.582132
53340.0	6597131084.266966
53404.166666666664	6612599042.559266
53467.916666666664	6628045299.349418
53532.083333333336	6643469040.6593275
53595.833333333336	6658964732.796577
53660.0	6674485014.049286
53724.166666666664	6690029722.061621
53787.916666666664	6705598691.903443
53852.083333333336	6721191756.0521
53915.833333333336	6736759980.630367
53980.0	6752400493.673794
54044.166666666664	6768064581.850781
54107.916666666664	6783752067.087331
54172.083333333336	6799413093.637786
54235.833333333336	6815146597.863598
54300.0	6830902947.889484
54364.166666666664	6846631587.479651
54427.916666666664	6862432826.857343
54492.083333333336	6878256336.146969
54555.833333333336	6894101918.118256
54620.0	6909918069.96842
54684.166666666664	6925806958.156632
54750.0	6942183321.7272835
54814.166666666664	6958117069.342513
54877.916666666664	6974071867.906921
54942.083333333336	6990047503.0721655
55005.833333333336	7006043757.577021
55070.0	7022060411.230253
55134.166666666664	7038097240.893597
55197.916666666664	7054154020.46482
55262.083333333336	7070230520.860908
55325.833333333336	7086380465.706634
55390.0	7102495954.181585
55454.166666666664	7118630459.030041
55517.916666666664	7134838435.221601
55582.083333333336	7151065439.684408
55645.833333333336	7167311227.650085
55710.0	7183575551.24728
55774.166666666664	7199858159.485453
55837.916666666664	7216158798.238765
55902.083333333336	7232477210.230151
55965.833333333336	7248813135.015511
56030.0	7265223022.443241
56094.166666666664	7281593434.605065
56157.916666666664	7298037786.853345
56222.083333333336	7314499094.970501
56285.833333333336	7330977084.960272
56350.0	7347471479.5573225
56414.166666666664	7363981998.212181
56477.916666666664	7380566885.623798
56542.083333333336	7397109060.190007
56605.833333333336	7413725553.773361
56670.0	7430357546.497146
56734.166666666664	7446945156.661197
56797.916666666664	7463606993.248059
56862.083333333336	7480283433.885601
56925.833333333336	7497034563.999665
56990.0	7513739564.077684
57054.166666666664	7530519175.046901
57117.916666666664	7547312693.865682
57182.083333333336	7564119804.325766
57245.833333333336	7580940186.726562
57310.0	7597773517.862187
57374.166666666664	7614681771.534613
57437.916666666664	7631540292.6025095
57502.083333333336	7648473627.132955
57565.833333333336	7665482274.235644
57630.0	7682439905.932069
57694.166666666664	7699409035.846148
57757.916666666664	7716453295.228058
57822.083333333336	7733508922.972484
57885.833333333336	7750575568.524966
57950.0	7767652877.672171
58014.166666666664	7784805607.923234
58077.916666666664	7801968856.098973
58142.083333333336	7819142259.334329
58205.833333333336	7836325451.04319
58270.0	7853518060.908187
58334.166666666664	7870786276.557092
58400.0	7888598617.088036
58464.166666666664	7905887300.963681
58527.916666666664	7923184479.155889
58592.083333333336	7940557511.808464
58655.833333333336	7957870810.018097
58720.0	7975259771.753128
58784.166666666664	7992724894.103093
58847.916666666664	8010128796.316778
58912.083333333336	8027608656.805389
58975.833333333336	8045095430.211752
59040.0	8062588707.348325
59104.166666666664	8080158225.12043
59167.916666666664	8097663570.780156
59232.083333333336	8115315692.198096
59295.833333333336	8132902800.20314
59360.0	8150494923.714601
59424.166666666664	8168163318.565993
59487.916666666664	8185908481.850973
59552.083333333336	8203586292.146729
59615.833333333336	8221267996.785033
59680.0	8239099023.946729
59744.166666666664	8256861058.961714
59807.916666666664	8274699843.023307
59872.083333333336	8292541987.1521435
59935.833333333336	8310387035.1814995
60000.0	8328309051.76729
60064.166666666664	8346158842.492704
60127.916666666664	8364160479.222505
60192.083333333336	8382088953.3300295
60255.833333333336	8400094451.46076
60320.0	8418101329.100719
60384.166666666664	8436109105.481599
60447.916666666664	8454194090.528822
60512.083333333336	8472279656.665754
60575.833333333336	8490442767.490868
60640.0	8508528348.241485
60704.166666666664	8526691142.033023
60767.916666666664	8544853192.2258415
60832.083333333336	8563092778.750416
60895.833333333336	8581331275.762028
60960.0	8599568170.717262
61024.166666666664	8617882744.213179
61087.916666666664	8636195355.201931
61152.083333333336	8654505480.282005
61215.833333333336	8672893411.1512
61280.0	8691278480.856585
61344.166666666664	8709741662.633675
61407.916666666664	8728119746.830656
61472.083333333336	8746575552.77422
61535.833333333336	8765109574.542263
61600.0	8783639412.258125
61664.166666666664	8802164513.58629
61727.916666666664	8820767920.654016
61792.083333333336	8839366177.643143
61855.833333333336	8857958720.879103
61920.0	8876629643.331741
61984.166666666664	8895294422.564194
62050.0	8914550150.802155
62114.166666666664	8933289162.762125
62177.916666666664	8952021015.18825
62242.083333333336	8970745121.294352
62305.833333333336	8989547718.500221
62370.0	9008429301.392323
62434.166666666664	9027215247.907803
62497.916666666664	9046167635.508747
62562.083333333336	9065023179.77234
62625.833333333336	9083957492.01158
62690.0	9102882033.25489
62754.166666666664	9121885589.822958
62817.916666666664	9140878879.205303
62882.083333333336	9159951428.020731
62945.833333333336	9179013204.371527
63010.0	9198063575.704128
63074.166666666664	9217193186.801023
63137.916666666664	9236310870.282803
63202.083333333336	9255415981.423935
63265.833333333336	9274600293.416443
63330.0	9293864299.777779
63394.166666666664	9313115304.541462
63457.916666666664	9332352647.642052
63522.083333333336	9351669629.268368
63585.833333333336	9370972389.86323
63650.0	9390355000.847994
63714.166666666664	9409722821.652914
63777.916666666664	9429075171.916786
63842.083333333336	9448507287.608845
63905.833333333336	9467923345.310747
63970.0	9487419364.758165
64034.166666666664	9506898728.705133
64097.916666666664	9526458246.438406
64162.083333333336	9546000500.985132
64225.833333333336	9565623096.982882
64290.0	9585227811.817528
64354.166666666664	9604813928.358873
64417.916666666664	9624480251.952374
64482.083333333336	9644127340.255808
64545.833333333336	9663854806.44238
64610.0	9683663144.772099
64674.166666666664	9703350517.062466
64737.916666666664	9723118103.259993
64802.083333333336	9742966394.598759
64865.833333333336	9762793475.826818
64930.0	9782701418.418139
64994.166666666664	9802587470.972853
65057.916666666664	9822450870.103497
65122.083333333336	9842499020.125492
65185.833333333336	9862420151.365362
65250.0	9882422086.53967
65314.166666666664	9902399957.909567
65377.916666666664	9922458765.675303
65442.083333333336	9942599002.681921
65505.833333333336	9962714518.016296
65570.0	9982804514.041044
65634.16666666667	10002975697.470459
65700.0	10023768321.080965
65764.16666666667	10043997160.044533
65827.91666666667	10064198979.670904
65892.08333333333	10084482228.237583
65955.83333333333	10104737688.9859
66020.0	10125074682.811646
66084.16666666667	10145493702.992823
66147.91666666667	10165884204.913616
66212.08333333333	10186245346.773996
66275.83333333333	10206688214.55334
66340.0	10227213301.290592
66404.16666666667	10247708267.38655
66467.91666666667	10268172253.048319
66532.08333333333	10288718132.658764
66595.83333333333	10309346398.795336
66660.0	10329942893.149012
66724.16666666667	10350506737.739346
66787.91666666667	10371152618.639013
66852.08333333333	10391881027.736115
66915.83333333333	10412575964.333384
66980.0	10433353491.36862
67044.16666666667	10454096676.78397
67107.91666666667	10474922508.092813
67172.08333333333	10495713115.95334
67235.83333333333	10516586418.269865
67300.0	10537423602.50497
67364.16666666667	10558343522.757708
67427.91666666667	10579226417.396578
67492.08333333333	10600192082.506224
67555.83333333333	10621119801.477245
67620.0	10642130318.15636
67684.16666666667	10663224124.884527
67747.91666666667	10684279062.370667
67812.08333333333	10705294173.365461
67875.83333333333	10726515741.696592
67940.0	10747573384.96058
68004.16666666667	10768713869.021435
68067.91666666667	10789937683.686312
68132.08333333333	10811245322.631397
68195.83333333333	10832385121.209135
68260.0	10853734327.444593
68324.16666666667	10875040778.257399
68387.91666666667	10896431044.97028
68452.08333333333	10917777547.850298
68515.83333333333	10939207852.043941
68580.0	10960593370.20299
68644.16666666667	10982062667.04481
68707.91666666667	11003486141.780125
68772.08333333333	11024993364.41767
68835.83333333333	11046584826.995758
68900.0	11068129398.297575
68964.16666666667	11089626033.292183
69027.91666666667	11111338986.450096
69092.08333333333	11133003957.55935
69155.83333333333	11154619886.428478
69220.0	11176319917.91011
69284.16666666667	11198104543.79688
69350.0	11220515333.398191
69414.16666666667	11242201155.316677
69477.91666666667	11264107290.094358
69542.08333333333	11285962103.244364
69605.83333333333	11307764498.870634
69670.0	11329651293.949219
69734.16666666667	11351622979.509762
69797.91666666667	11373541058.829847
69862.08333333333	11395543942.159449
69925.83333333333	11417492054.763496
69990.0	11439524875.784145
70054.16666666667	11461642896.565886
70117.91666666667	11483704915.097124
70182.08333333333	11505852029.868666
70245.83333333333	11527941943.221523
70310.0	11550116839.921648
70374.16666666667	11572377211.33053
70437.91666666667	11594579106.067604
70502.08333333333	11616866354.336792
70565.83333333333	11639093891.475388
70630.0	11661552767.783663
70694.16666666667	11683805125.02412
70757.91666666667	11706289807.356188
70822.08333333333	11728713389.001492
70885.83333333333	11751074668.805275
70950.0	11773521376.901285
71014.16666666667	11796054003.77757
71077.91666666667	11818522963.390602
71142.08333333333	11841228337.159298
71205.83333333333	11863718655.993658
71270.0	11886294570.166622
71334.16666666667	11908956569.257545
71397.91666666667	11931705146.58658
71462.08333333333	11954387248.491362
71525.83333333333	11977001619.4686
71590.0	11999856429.866894
71654.16666666667	12022488016.793646
71717.91666666667	12045361023.529709
71782.08333333333	12068321228.802845
71845.83333333333	12091054964.586048
71910.0	12114032186.755434
71974.16666666667	12136938628.43194
72037.91666666667	12159931861.873142
72102.08333333333	12182852905.254948
72165.83333333333	12206020601.50358
72230.0	12229115890.467728
72294.16666666667	12252137448.251053
72357.91666666667	12275245846.608984
72422.08333333333	12298279065.55554
72485.83333333333	12321562009.744572
72550.0	12344605796.878311
72614.16666666667	12367900291.61136
72677.91666666667	12391117891.679491
72742.08333333333	12414422826.022043
72805.83333333333	12437815588.336536
72870.0	12461129831.352379
72934.16666666667	12484364174.489885
73000.0	12508525836.22131
