t(days)	RNP(psia2/cp-D/Mscf)
0.25	1361579.6320402352
0.33040833333333336	1956511.4924027447
0.4861958333333333	2608864.801773951
0.7977666666666666	3478161.411016568
1.4209083333333332	4695343.309827343
2.667195833333333	6423161.727599926
5.07725	8823611.225507181
9.897375	12257510.860110162
19.198041666666665	17053913.505089376
35.644875	174819047.49686635
66.05958333333334	31892730.98385814
124.99208333333333	43905558.85044351
188.99208333333334	171085124.13363978
252.99208333333334	64572087.22804955
316.99208333333337	73193310.96008419
380.9920833333333	81029511.38735723
444.9916666666666	88246151.82561645
508.9916666666666	2841749.459158182
572.9916666666667	101258347.81375523
636.9916666666667	107205726.35597749
700.9916666666667	112852915.40841524
764.9916666666667	118240033.64701241
828.9916666666667	138285191.50405303
892.9916666666667	128356932.61397581
956.9916666666667	133134715.11106944
1020.9916666666667	308134132.05687886
1084.9916666666666	142221620.88329086
1148.9916666666666	146559511.3371095
1212.9916666666666	150776299.6491076
1276.9916666666666	154882014.1625986
1340.9916666666666	158885436.30802172
1404.9916666666668	49576336.84591815
1468.9916666666668	166616873.85877645
1532.9916666666668	170358081.7113927
1596.9916666666668	198010896.82941598
1660.9916666666668	177620684.920044
1724.9916666666668	181151898.88860813
1788.9916666666668	49987684.41153461
1852.9916666666668	188037042.8047953
1916.9916666666668	191398624.3692269
1980.9916666666668	194711345.23127073
2044.9916666666668	197978065.31873927
2108.991666666667	413559493.6268146
2172.991666666667	204396026.01222086
2236.991666666667	267705670.18254635
2300.991666666667	210659269.27538726
2364.991666666667	213742998.80670202
2428.991666666667	216796576.90959513
2492.991666666667	219823862.7540658
2556.991666666667	184087745.80778426
2620.991666666667	225804125.6869851
2684.991666666667	228761254.94517443
2748.991666666667	231698187.59576446
2812.991666666667	133723277.91331606
2876.991666666667	143376128.02163392
2940.991666666667	240405662.31093115
3004.991666666667	243277464.5013008
3068.991666666667	246137962.7747928
3132.991666666667	288951062.3928156
3196.991666666667	251824186.4712152
3260.991666666667	254653346.55190668
3324.991666666667	257474123.81707197
3388.991666666667	260288190.32230496
3452.991666666667	263095263.82945153
3516.991666666667	257889830.84057823
3580.991666666667	52892611.5096986
3650.0	271705372.18945765
3714.0	274494884.3100728
3778.0	353234844.1412063
3842.0	280069713.6833629
3906.0	282854774.6435953
3970.0	39282063.780236036
4034.0	346755658.1770416
4098.0	1019514317.198353
4162.0	293997733.4407506
4226.0	1212228782.4852839
4290.0	507419793.5482918
4354.0	302369668.98874485
4418.0	1066781603.6833332
4482.0	307964641.9676603
4546.0	310766807.18971515
4610.0	313573941.2485879
4674.0	436901191.74149257
4738.0	319200765.7977119
4802.0	1870618692.8596902
4866.0	324847162.104427
4930.0	327677857.4098492
4994.0	763826597.6025193
5058.0	333357283.00328684
5122.0	336206480.25779885
5186.0	339060327.52895206
5250.0	1939363696.9294667
5314.0	344790655.7024004
5378.0	347665424.54176015
5442.0	350547599.16987944
5506.0	353436347.3857875
5570.0	1449126565.3175044
5634.0	359238392.2972292
5698.0	362150131.0718024
5762.0	365070788.2935507
5826.0	367999646.0533107
5890.0	2431117967.447589
5954.0	373880449.78449535
6018.0	376832388.5205003
6082.0	379794111.82235944
6146.0	382763401.0183122
6210.0	385742709.46892184
6274.0	388728167.0547055
6338.0	391725570.14173484
6402.0	394731047.9447139
6466.0	397743901.4863828
6530.0	1146515311.6476822
6594.0	2408631795.5750318
6658.0	406840674.9565253
6722.0	1568971871.00944
6786.0	1396395368.6524587
6850.0	3431650858.7951517
6914.0	419102560.3952134
6978.0	422191969.318306
7042.0	425290335.70223016
7106.0	873748385.4718173
7170.0	431517463.2993539
7234.0	434645102.3892468
7300.0	1673717428.69065
7364.0	3073088781.4496636
7428.0	444187347.2013509
7492.0	447357933.14076734
7556.0	450534846.66372013
7620.0	453724022.9539432
7684.0	456922776.4247508
7748.0	1666249351.7730305
7812.0	2767854690.860655
7876.0	466582543.2489166
7940.0	469823501.2716356
8004.0	3105404645.462602
8068.0	476332663.6456929
8132.0	479607153.0831864
8196.0	931437519.2140613
8260.0	486181301.1774782
8324.0	1341108701.4850483
8388.0	492799847.9522006
8452.0	62887381.61819142
8516.0	499461664.078591
8580.0	3517126431.3169374
8644.0	506165628.72217983
8708.0	509532547.25745326
8772.0	512910635.6674675
8836.0	516302307.1107868
8900.0	519704305.7616323
8964.0	523116148.725815
9028.0	526537336.2699547
9092.0	529973387.2651337
9156.0	666691782.8696127
9220.0	536873389.7747666
9284.0	1050423893.3377013
9348.0	543821938.0881422
9412.0	547310989.6818249
9476.0	550812499.9077023
9540.0	106171952.4719351
9604.0	557847998.2522142
9668.0	2012646441.6527205
9732.0	564928353.2492726
9796.0	326791037.26910305
9860.0	1446310557.4070106
9924.0	575637746.4538482
9988.0	579227444.0617919
10052.0	1037532478.453548
10116.0	586446755.120665
10180.0	1403666410.1552637
10244.0	593711917.5575542
10308.0	129922938.13489449
10372.0	601019589.4455041
10436.0	604694153.0511243
10500.0	608378131.0263083
10564.0	612075067.6356385
10628.0	3278190537.3063836
10692.0	619502283.0164121
10756.0	3134355218.4139376
10820.0	1524695253.4369426
10884.0	630728633.8644519
10950.0	634616525.0717988
11014.0	291566993.0873075
11078.0	917840099.125079
11142.0	1589469449.9530163
11206.0	1697268520.7699232
11270.0	653629750.0818508
11334.0	657466808.5477659
11398.0	661316288.0640403
11462.0	665182584.4392682
11526.0	669055874.5446253
11590.0	1470162894.6422772
11654.0	676840912.2831342
11718.0	680751971.125579
11782.0	684673232.2865283
11846.0	688609358.6996111
11910.0	1280749007.218439
11974.0	1086182418.602465
12038.0	700488367.6872941
12102.0	704470313.1743633
12166.0	2801916174.637397
12230.0	712478844.385619
12294.0	716499376.2993544
12358.0	720532070.5159533
12422.0	724576568.4243668
12486.0	728632499.9561946
12550.0	732705251.7233602
12614.0	736788790.8643633
12678.0	740882713.6157033
12742.0	744992567.5346774
12806.0	749112093.4031283
12870.0	753240852.4219575
12934.0	757390720.2389662
12998.0	761542945.7369541
13062.0	765715749.4644386
13126.0	769896319.5440717
13190.0	1951159791.9665012
13254.0	778304787.4594803
13318.0	782519056.3362199
13382.0	1356253856.2399352
13446.0	1866373596.1019344
13510.0	795263492.1336807
13574.0	1913938742.7061415
13638.0	803814712.479204
13702.0	2624681106.469454
13766.0	812424156.1864265
13830.0	816744651.1198105
13894.0	992672717.0933578
13958.0	825429802.1729325
14022.0	829793923.7197276
14086.0	834167053.4220471
14150.0	1286625537.8508818
14214.0	842953803.443602
14278.0	847366812.5025461
14342.0	851787290.2731425
14406.0	856230498.3983426
14470.0	860680505.7049489
14534.0	865144840.2949018
14600.0	869761382.3935541
14664.0	3247817321.968439
14728.0	878762028.9340445
14792.0	883273889.705745
14856.0	887806912.882684
14920.0	892352478.8287741
14984.0	896910255.5186585
15048.0	3480751951.3058577
15112.0	906069885.3599627
15176.0	910662294.3679515
15240.0	139740630.33760858
15304.0	919897270.8838698
15368.0	924530248.089291
15432.0	279992672.4021461
15496.0	480036573.95008755
15560.0	938520370.6538167
15624.0	943210437.7212949
15688.0	947913823.622502
15752.0	952630223.1007174
15816.0	957360306.7472645
15880.0	962104775.2314781
15944.0	966862351.0864346
16008.0	971633737.4711822
16072.0	976416595.512315
16136.0	71884456.85620928
16200.0	986023637.1480614
16264.0	990848292.1133729
16328.0	406614224.4533982
16392.0	1000539526.4907321
16456.0	1005405533.847665
16520.0	229835134.24121928
16584.0	2957066338.6734962
16648.0	1020084861.0479568
16712.0	1025004449.2017521
16776.0	3355455237.277738
16840.0	1034884941.1825398
16904.0	1039845262.6872795
16968.0	1597000238.6012905
17032.0	3351172190.228242
17096.0	1054813618.9443741
17160.0	1059830901.1656772
17224.0	1064860807.7317902
17288.0	1069904246.1144958
17352.0	1074963403.3546624
17416.0	1080035538.8754299
17480.0	1085120340.5007014
17544.0	1090220041.8003585
17608.0	1095333096.5937655
17672.0	1100459203.9398234
17736.0	1105601994.8230596
17800.0	1110759936.6553762
17864.0	1115930102.5695693
17928.0	1121114860.5667226
17992.0	1126311218.3057308
18056.0	1131521577.4536808
18120.0	1136745655.9290597
18184.0	1791129373.7003863
18250.0	1945739602.8109574
18314.0	1152674263.8861942
18378.0	1157959069.8523357
18442.0	3840318242.004668
18506.0	1430193310.0305765
18570.0	1173892088.9018407
18634.0	1179231748.066553
18698.0	2525026567.4765306
18762.0	1189953146.9157217
18826.0	2876742586.7209415
18890.0	1200733401.7678158
18954.0	1206145524.3958514
19018.0	1211570379.6848714
19082.0	1217009242.140864
19146.0	1222463435.445184
19210.0	114398123.32906127
19274.0	1233413553.2078488
19338.0	1238910554.8613412
19402.0	1244421830.3960402
19466.0	1249948783.547474
19530.0	2230021924.712846
19594.0	1261048765.8346994
19658.0	2133751872.2350497
19722.0	1272205041.8748465
19786.0	1277803144.39766
19850.0	1283415334.353845
19914.0	1289043117.1542153
19978.0	1294684451.5539136
20042.0	1300342676.9294183
20106.0	1306013921.5688026
20170.0	1311699725.6570098
20234.0	1317399821.4264634
20298.0	1323115815.0958917
20362.0	260775059.4533137
20426.0	1334592644.363699
20490.0	1340352961.5376978
20554.0	1346130119.3746
20618.0	4365261451.665455
20682.0	1357724210.2926645
20746.0	1363542533.885833
20810.0	1369374671.477047
20874.0	1375222367.7842643
20938.0	1381085380.4253027
21002.0	1386963460.526542
21066.0	1392858437.1618433
21130.0	1398767999.1764667
21194.0	1404691878.1218488
21258.0	1410631936.8086393
21322.0	1416583635.0995607
21386.0	1422553152.7137375
21450.0	1428535918.1893687
21514.0	1434531629.0767553
21578.0	1440544435.1397543
21642.0	2812668659.127102
21706.0	1452613706.5327203
21770.0	1458671917.3662734
21834.0	1464746292.6292598
21900.0	1471027232.8947997
21964.0	1477130140.6413665
22028.0	1483250803.374254
22092.0	1489384264.4254825
22156.0	1495535016.4691732
22220.0	1501698011.7303655
22284.0	1507877808.9022064
22348.0	1514071730.9053333
22412.0	1520281980.577906
22476.0	2878012463.3067226
22540.0	3665999040.6031055
22604.0	1539003315.2165334
22668.0	1545276513.3517296
22732.0	1551564848.2672935
22796.0	1557868063.4197662
22860.0	1564185895.967164
22924.0	1570518076.7020974
22988.0	1576864329.985508
23052.0	1583224373.6810756
23116.0	4343436137.972044
23180.0	1595998355.1987956
23244.0	1602409156.9272044
23308.0	1608835513.1610458
23372.0	1615277176.8116546
23436.0	1318655475.311162
23500.0	1111692063.6298065
23564.0	1634691450.0168555
23628.0	1641194644.2668147
23692.0	1647714781.405823
23756.0	1654248706.642339
23820.0	1660796129.93056
23884.0	4390438853.609342
23948.0	1673942320.7282968
24012.0	1680540665.4364808
24076.0	1687151474.053721
24140.0	1693777507.5417604
24204.0	1700421616.9024096
24268.0	1415533466.5900116
24332.0	1713753836.6598473
24396.0	1720441406.1638973
24460.0	1727146116.3559756
24524.0	1733867756.2182412
24588.0	1740609364.6558914
24652.0	1747364234.4747403
24716.0	2080019220.5830626
24780.0	1760922533.610417
24844.0	2480954794.583566
24908.0	1774540613.8822403
24972.0	391134422.71342397
25036.0	2692141227.467465
25100.0	1795086812.9898732
25164.0	1801964926.4149287
25228.0	4457667649.624694
25292.0	1815774218.2293003
25356.0	1822701423.862343
25420.0	1829642120.3318539
25484.0	1232752366.739202
25550.0	1843796535.5527773
25614.0	1850788710.377629
25678.0	1857797034.6290512
25742.0	4601316695.123345
25806.0	1871864942.1746178
25870.0	1878924091.461428
25934.0	1885998465.6712399
25998.0	2895354873.361002
26062.0	1900195726.4216225
26126.0	4098209324.622053
26190.0	1914450819.7054086
26254.0	1921601342.9659007
26318.0	1928773503.2506511
26382.0	3166774644.789139
26446.0	928134481.8291811
26510.0	3941341989.7677927
26574.0	1957618509.9249437
26638.0	1964867586.5299323
26702.0	1972141296.324491
26766.0	3987356206.734371
26830.0	1986724241.7549632
26894.0	1994041348.256834
26958.0	2001373817.2114995
27022.0	2008721391.420433
27086.0	3394720647.145156
27150.0	2023469597.5094008
27214.0	2030865384.2750797
27278.0	248058673.9873855
27342.0	2045716915.1796057
27406.0	2053163287.0225756
27470.0	2060627566.5915651
27534.0	2068109551.8318985
27598.0	4378403383.364489
27662.0	2083116481.7752914
27726.0	2090650255.3940992
27790.0	2098196146.8179688
27854.0	4721262173.596623
27918.0	2113337355.9102945
27982.0	2120937036.7491615
28046.0	2128547758.9087274
28110.0	506223973.51024413
28174.0	2143825602.1690476
28238.0	2151487378.9401026
28302.0	2159169051.98552
28366.0	4457455485.370451
28430.0	2174581273.9207
28494.0	2182311341.7356935
28558.0	2190055333.6017003
28622.0	2197818149.462638
28686.0	2205594376.969144
28750.0	2213394242.929687
28814.0	2221207061.5960345
28878.0	2813617312.9990454
28942.0	2236886434.0541606
29006.0	2244747160.21535
29070.0	2252630614.880546
29134.0	2260531203.1692877
29200.0	2268692005.4213963
29264.0	2276627890.666813
29328.0	2284580233.8936095
29392.0	2292543149.6748414
29456.0	2300527649.543567
29520.0	2308527877.159329
29584.0	2316543579.0035534
29648.0	322611103.98396134
29712.0	2332632058.0567093
29776.0	3845682077.5986843
29840.0	2348785514.1605124
29904.0	2356886743.5602517
29968.0	2365001981.668559
30032.0	2373136990.2698927
30096.0	2381291599.4239197
30160.0	2549519710.9209385
30224.0	2397640388.3949547
30288.0	4015094310.446275
30352.0	2414064925.63256
30416.0	2422308279.5073814
30480.0	2430570037.695368
30544.0	2438843608.5784235
30608.0	2257812502.2263093
30672.0	2455450751.8977146
30736.0	2463777464.696538
30800.0	2472121443.9236565
30864.0	2480482465.310032
30928.0	2488860299.8944936
30992.0	2497254713.9807196
31056.0	2505658723.2433043
31120.0	5211334216.769085
31184.0	4083415282.5392094
31248.0	2531000206.2554464
31312.0	2539480819.0216036
31376.0	2547976600.3795733
31440.0	2556487283.0166116
31504.0	1776867008.9949396
31568.0	2573566490.2762895
31632.0	2582141808.376651
31696.0	2590723982.2850513
31760.0	2599327096.3908877
31824.0	2374650109.702951
31888.0	2616595532.188272
31952.0	2625245727.5626245
32016.0	2633923489.0166874
32080.0	2642613788.215517
32144.0	2040892525.185259
32208.0	2660045915.296806
32272.0	2668794937.227181
32336.0	1191384531.8006842
32400.0	2686327206.1007466
32464.0	519891939.65625525
32528.0	5701746596.614965
32592.0	2712769222.4671984
32656.0	2721622348.680114
32720.0	2730493394.0556383
32784.0	2739374079.7415924
32850.0	2748564329.8053417
32914.0	2757481444.9169865
32978.0	2766423715.3015714
33042.0	2775382790.1355233
33106.0	2784358431.168784
33170.0	2793350395.5605373
33234.0	2802358435.841061
33298.0	2811390792.3214264
33362.0	2820430277.965133
33426.0	40417168.68829107
33490.0	2838580872.0546503
33554.0	2270474455.5484276
33618.0	2856791201.667505
33682.0	2865931314.859494
33746.0	2875085693.2388654
33810.0	4280008716.237367
33874.0	3715323934.4278803
33938.0	2902658668.533934
34002.0	2911885566.7481585
34066.0	2921125469.914681
34130.0	677745957.2445621
34194.0	2939661607.2142973
34258.0	45616906.32338238
34322.0	305016462.36455727
34386.0	2967613035.1065516
34450.0	2976962972.06004
34514.0	2986333682.5820036
34578.0	2995725001.509766
34642.0	3005127056.7093196
34706.0	3161509657.435533
34770.0	3024001250.427418
34834.0	3033463266.6602993
34898.0	3042944884.9583344
34962.0	1678256385.6429136
35026.0	3061956094.9615784
35090.0	2187894999.9827642
35154.0	3081032945.162416
35218.0	3090609472.911155
35282.0	3100194082.8765798
35346.0	3109807152.026031
35410.0	3119427744.9482884
35474.0	3129076486.775418
35538.0	3138732176.0557346
35602.0	3148415688.4930263
35666.0	3158116270.2546535
35730.0	3167844465.8487945
35794.0	1672373349.655979
35858.0	3187328945.797919
35922.0	3197106431.485598
35986.0	2163360657.002199
36050.0	3216709056.875999
36114.0	3226544859.920425
36178.0	3236384726.118399
36242.0	3246250823.491001
36306.0	5867226773.66476
36370.0	3266038506.3413596
36434.0	3275959664.919787
36500.0	3286219739.432109
36564.0	3296170680.535798
36628.0	3306146835.2038026
36692.0	4123188763.9864073
36756.0	3326162534.153577
36820.0	3336189786.873307
36884.0	3346241586.1678863
36948.0	3356305724.6862454
37012.0	3366394053.6991625
37076.0	3376506462.5979867
37140.0	1874864778.8176942
37204.0	3396778268.2980156
37268.0	3406949603.347463
37332.0	3417144396.01869
37396.0	3427349898.1552067
37460.0	4419985404.957081
37524.0	3447817146.322661
37588.0	3458091317.564527
37652.0	3468362276.2403026
37716.0	3478655421.8693924
37780.0	4936501179.063588
37844.0	3499307674.0788164
37908.0	3509653237.5653195
37972.0	3520033528.154487
38036.0	3530421834.4601226
38100.0	3540831224.4159017
38164.0	3551247977.0907927
38228.0	3561698939.730074
38292.0	5115460550.530071
38356.0	3582662368.807391
38420.0	3593160597.6551776
38484.0	3603678671.912145
38548.0	3614230434.058796
38612.0	3624787699.1421776
38676.0	961552620.5441966
38740.0	3645974077.51118
38804.0	3656602946.0526333
38868.0	3667250616.0467734
38932.0	6191058804.956297
38996.0	3688586881.8080616
39060.0	5129988229.573375
39124.0	3709995395.2533526
39188.0	3720733614.4210253
39252.0	3731489292.406077
39316.0	3742262191.8224297
39380.0	3753067205.5908933
39444.0	3763873906.944391
39508.0	3774697093.8102646
39572.0	3785551910.044728
39636.0	3502009745.326853
39700.0	3807325310.5721292
39764.0	5613893904.333702
39828.0	3843466045.693975
39892.0	3840110515.856638
39956.0	3851090386.6994653
40020.0	3862085146.437908
40084.0	3873094511.1654963
40150.0	3884458627.450683
40214.0	3895498270.706217
40278.0	3906568046.558483
40342.0	3917667933.0371876
40406.0	3928764737.008044
40470.0	3939891225.4641633
40534.0	3951030594.7751575
40598.0	3962199395.659517
40662.0	2454791558.867853
40726.0	3984591028.2995815
40790.0	10435912859.456118
40854.0	6165308962.288789
40918.0	4018327403.228862
40982.0	4029601302.552536
41046.0	4040903550.48453
41110.0	9437943224.284342
41174.0	4063575123.5364466
41238.0	8348292767.266818
41302.0	4086305167.0356803
41366.0	4097711687.979564
41430.0	4109127640.0982203
41494.0	5528854771.377501
41558.0	4132023019.197507
41622.0	4143502087.3136663
41685.833333333336	4155008012.9112678
41750.0	5477667544.665852
41814.166666666664	4178062582.910811
41877.916666666664	4189629494.713074
41942.083333333336	4201222700.5102987
42005.833333333336	6248438809.58773
42070.0	6066007651.6146755
42134.166666666664	4236081985.753965
42197.916666666664	4247740182.0324893
42262.083333333336	9464045554.829996
42325.833333333336	4271112938.409153
42390.0	6683807820.947518
42454.166666666664	4294565973.024694
42517.916666666664	4306329566.237959
42582.083333333336	2204976300.716893
42645.833333333336	4329910139.495717
42710.0	4341726642.645101
42774.166666666664	4353567087.558338
42837.916666666664	4365431337.420538
42902.083333333336	137196271.22874498
42965.833333333336	4389209990.681311
43030.0	4401123880.89
43094.166666666664	10232304807.726593
43157.916666666664	4425041553.995229
43222.083333333336	4437024103.338847
43285.833333333336	4449029187.890715
43350.0	4461056645.803498
43414.166666666664	5042648284.283086
43477.916666666664	4485178019.055186
43542.083333333336	4497249863.946723
43605.833333333336	11055754922.589252
43670.0	7146180978.157472
43734.166666666664	7618573532.95705
43800.0	11555357445.906181
43864.166666666664	4558351527.83433
43927.916666666664	4570574109.867241
43992.083333333336	4582794715.730096
44055.833333333336	4595035473.003626
44120.0	4607296180.015576
44184.166666666664	4619576631.743237
44247.916666666664	4631899671.749878
44312.083333333336	4644219107.101565
44375.833333333336	4656557652.270731
44440.0	10786324776.481472
44504.166666666664	4681314740.351623
44567.916666666664	4693733085.427775
44632.083333333336	4706146099.068812
44695.833333333336	8524029969.70357
44760.0	1040140056.6756129
44824.166666666664	4743588793.349915
44887.916666666664	4756121424.562286
44952.083333333336	4768647152.96432
45015.833333333336	1227670755.870399
45080.0	6690179095.295665
45144.166666666664	4806399938.255842
45207.916666666664	1015085580.596571
45272.083333333336	4831676555.590406
45335.833333333336	293819139.3263855
45400.0	4857017648.792898
45464.166666666664	4869698957.9533615
45527.916666666664	5882197121.386885
45592.083333333336	4895184035.997615
45655.833333333336	4907936280.692748
45720.0	8345370999.127214
45784.166666666664	4933510372.991214
45847.916666666664	4946358192.816922
45912.083333333336	4959193827.730691
45975.833333333336	4972043127.392254
46040.0	4984932485.158415
46104.166666666664	4997862005.724692
46167.916666666664	5010777837.955661
46232.083333333336	5023733481.831191
46295.833333333336	5036701779.08166
46360.0	5049709803.990334
46424.166666666664	4604610370.1116085
46487.916666666664	5075734693.360928
46552.083333333336	5088806255.332665
46615.833333333336	4013286471.1670427
46680.0	7183813255.555182
46744.166666666664	5128117212.856132
46807.916666666664	6238511683.065378
46872.083333333336	5154416269.357767
46935.833333333336	5167609825.787867
47000.0	5180813417.968118
47064.166666666664	5194026680.901669
47127.916666666664	5207307514.975446
47192.083333333336	5220568586.98105
47255.833333333336	5233867940.097662
47320.0	5247176059.468834
47384.166666666664	11139992446.248577
47450.0	5274295246.170762
47514.166666666664	4857060202.593789
47577.916666666664	5301062066.231013
47642.083333333336	5314471747.860365
47705.833333333336	5327918943.709728
47770.0	5341373052.828788
47834.166666666664	8725072170.203615
47897.916666666664	5368393253.8331995
47962.083333333336	10314909340.669441
48025.833333333336	11680064501.260857
48090.0	5409015626.999526
48154.166666666664	5422630190.43096
48217.916666666664	5436249955.281168
48282.083333333336	1351422645.1679602
48345.833333333336	5463535400.353669
48410.0	2940998462.0793114
48474.166666666664	9911259615.587486
48537.916666666664	5504639153.299107
48602.083333333336	5518380025.638565
48665.833333333336	5532156786.642692
48730.0	5545936411.570091
48794.166666666664	5559751640.356552
48857.916666666664	5573569113.472228
48922.083333333336	8170953657.8106575
48985.833333333336	5601309995.029078
49050.0	5615199551.386136
49114.166666666664	5629124116.0064745
49177.916666666664	5643049481.2527075
49242.083333333336	57615896.58493805
49305.833333333336	5671004264.3515
49370.0	5684998960.632129
49434.166666666664	1163640540.6462765
49497.916666666664	5713056313.381539
49562.083333333336	5727153857.97476
49625.833333333336	5741214898.981213
49690.0	5755345153.94253
49754.166666666664	10503236170.482681
49817.916666666664	5783635648.021964
49882.083333333336	5797831271.4159565
49945.833333333336	5812024160.192131
50010.0	5826250233.777256
50074.166666666664	5840472817.229964
50137.916666666664	5854765008.706666
50202.083333333336	5869053298.044776
50265.833333333336	5883374306.02276
50330.0	5897690627.437607
50394.166666666664	5912039236.990843
50457.916666666664	5926420096.815162
50522.083333333336	6531166927.969045
50585.833333333336	5955240301.788091
50650.0	5016179873.639966
50714.166666666664	8261832161.4925375
50777.916666666664	5998652054.089541
50842.083333333336	6013147075.108359
50905.833333333336	6027673278.179623
50970.0	6042230606.913151
51034.166666666664	6056819003.156601
51100.0	6071874118.24143
51164.166666666664	6086526573.261875
51227.916666666664	6101129927.851104
51292.083333333336	6236725067.748059
51355.833333333336	6130507494.987593
51420.0	6145241761.928336
51484.166666666664	6159965482.65942
51547.916666666664	9895787473.387833
51612.083333333336	6189502117.113771
51675.833333333336	6204314868.833972
51740.0	6219157132.268937
51804.166666666664	6234028821.472181
51867.916666666664	6248887891.901641
51932.083333333336	11525265299.149878
51995.833333333336	6278692478.9284725
52060.0	6293637804.178054
52124.166666666664	6308611686.215814
52187.916666666664	6323614024.134357
52252.083333333336	6338601544.943448
52315.833333333336	6353616903.286023
52380.0	6368659989.215918
52444.166666666664	4705268126.669942
52507.916666666664	6398828893.103009
52572.083333333336	6413954480.162961
52635.833333333336	4033601506.913066
52700.0	6444242709.568743
52764.166666666664	6459449517.597819
52827.916666666664	6474638177.634328
52892.083333333336	6489898434.832654
52955.833333333336	6505139859.538596
53020.0	10766990577.002394
53084.166666666664	1661926888.225215
53147.916666666664	6551020031.421679
53212.083333333336	6566364921.255893
53275.833333333336	6581781866.582132
53340.0	9657422870.155165
53404.166666666664	6612599042.559266
53467.916666666664	5092853235.46268
53532.083333333336	7331285134.619202
53595.833333333336	6658964732.796577
53660.0	6674485014.049286
53724.166666666664	6690029722.061621
53787.916666666664	6705598691.903443
53852.083333333336	6721191756.0521
53915.833333333336	6736759980.630367
53980.0	6752400493.673794
54044.166666666664	13321579859.81131
54107.916666666664	6783752067.087331
54172.083333333336	13750595041.058182
54235.833333333336	13025310822.250233
54300.0	9669631912.767601
54364.166666666664	6846631587.479651
54427.916666666664	6862432826.857343
54492.083333333336	6878256336.146969
54555.833333333336	6894101918.118256
54620.0	6909918069.96842
54684.166666666664	6925806958.156632
54750.0	6942183321.7272835
54814.166666666664	6958117069.342513
54877.916666666664	6974071867.906921
54942.083333333336	6811191937.359491
55005.833333333336	7006043757.577021
55070.0	7022060411.230253
55134.166666666664	7038097240.893597
55197.916666666664	7054154020.46482
55262.083333333336	7070230520.860908
55325.833333333336	7086380465.706634
55390.0	7102495954.181585
55454.166666666664	7118630459.030041
55517.916666666664	7134838435.221601
55582.083333333336	7151065439.684408
55645.833333333336	7167311227.650085
55710.0	7183575551.24728
55774.166666666664	7199858159.485453
55837.916666666664	7216158798.238765
55902.083333333336	8149918847.138905
55965.833333333336	7248813135.015511
56030.0	7265223022.443241
56094.166666666664	4211041732.9576755
56157.916666666664	1643810231.6160164
56222.083333333336	7085068677.166555
56285.833333333336	7330977084.960272
56350.0	7864818685.862751
56414.166666666664	4037667862.75471
56477.916666666664	7380566885.623798
56542.083333333336	7397109060.190007
56605.833333333336	7413725553.773361
56670.0	455602024.67229176
56734.166666666664	7446945156.661197
56797.916666666664	7463606993.248059
56862.083333333336	7480283433.885601
56925.833333333336	12952695264.665375
56990.0	7513739564.077684
57054.166666666664	7530519175.046901
57117.916666666664	7547312693.865682
57182.083333333336	7564119804.325766
57245.833333333336	9979353291.56458
57310.0	7597773517.862187
57374.166666666664	3184342446.0129538
57437.916666666664	7631540292.6025095
57502.083333333336	7648473627.132955
57565.833333333336	7665482274.235644
57630.0	7682439905.932069
57694.166666666664	7699409035.846148
57757.916666666664	11903236087.79139
57822.083333333336	7733508922.972484
57885.833333333336	7750575568.524966
57950.0	7767652877.672171
58014.166666666664	3754257768.654774
58077.916666666664	7801968856.098973
58142.083333333336	7819142259.334329
58205.833333333336	7836325451.04319
58270.0	7853518060.908187
58334.166666666664	7870786276.557092
58400.0	7888598617.088036
58464.166666666664	7905887300.963681
58527.916666666664	7923184479.155889
58592.083333333336	4260095228.7280817
58655.833333333336	7957870810.018097
58720.0	7975259771.753128
58784.166666666664	1644937978.1267872
58847.916666666664	8010128796.316778
58912.083333333336	8027608656.805389
58975.833333333336	8045095430.211752
59040.0	8062588707.348325
59104.166666666664	8080158225.12043
59167.916666666664	8097663570.780156
59232.083333333336	8115315692.198096
59295.833333333336	8132902800.20314
59360.0	8150494923.714601
59424.166666666664	8168163318.565993
59487.916666666664	8185908481.850973
59552.083333333336	13241955280.406034
59615.833333333336	8221267996.785033
59680.0	8239099023.946729
59744.166666666664	10784011006.900423
59807.916666666664	8274699843.023307
59872.083333333336	8292541987.1521435
59935.833333333336	7760758751.890191
60000.0	8328309051.76729
60064.166666666664	8346158842.492704
60127.916666666664	15095143542.445652
60192.083333333336	8382088953.3300295
60255.833333333336	8400094451.46076
60320.0	15520644670.972664
60384.166666666664	8436109105.481599
60447.916666666664	8454194090.528822
60512.083333333336	1578745867.4302044
60575.833333333336	8490442767.490868
60640.0	9364719239.393948
60704.166666666664	8526691142.033023
60767.916666666664	13022088096.851673
60832.083333333336	8563092778.750416
60895.833333333336	8581331275.762028
60960.0	8599568170.717262
61024.166666666664	11099170343.479652
61087.916666666664	8636195355.201931
61152.083333333336	8654505480.282005
61215.833333333336	8672893411.1512
61280.0	8691278480.856585
61344.166666666664	8709741662.633675
61407.916666666664	11711401687.957232
61472.083333333336	8746575552.77422
61535.833333333336	8765109574.542263
61600.0	8783639412.258125
61664.166666666664	8802164513.58629
61727.916666666664	8820767920.654016
61792.083333333336	8839366177.643143
61855.833333333336	8857958720.879103
61920.0	6873308307.046818
61984.166666666664	8895294422.564194
62050.0	8914550150.802155
62114.166666666664	8933289162.762125
62177.916666666664	8952021015.18825
62242.083333333336	8970745121.294352
62305.833333333336	8989547718.500221
62370.0	9008429301.392323
62434.166666666664	9027215247.907803
62497.916666666664	9046167635.508747
62562.083333333336	9065023179.77234
62625.833333333336	10712022229.01667
62690.0	9102882033.25489
62754.166666666664	3303293970.1856956
62817.916666666664	9140878879.205303
62882.083333333336	9159951428.020731
62945.833333333336	9179013204.371527
63010.0	6979355430.284127
63074.166666666664	9217193186.801023
63137.916666666664	9236310870.282803
63202.083333333336	9255415981.423935
63265.833333333336	9274600293.416443
63330.0	9293864299.777779
63394.166666666664	13728598306.890226
63457.916666666664	9332352647.642052
63522.083333333336	9351669629.268368
63585.833333333336	9370972389.86323
63650.0	13337482311.97041
63714.166666666664	10937143120.712862
63777.916666666664	9429075171.916786
63842.083333333336	9448507287.608845
63905.833333333336	9467923345.310747
63970.0	9487419364.758165
64034.166666666664	9506898728.705133
64097.916666666664	9526458246.438406
64162.083333333336	9546000500.985132
64225.833333333336	9565623096.982882
64290.0	9585227811.817528
64354.166666666664	9604813928.358873
64417.916666666664	11569713829.344248
64482.083333333336	9644127340.255808
64545.833333333336	9663854806.44238
64610.0	9683663144.772099
64674.166666666664	14060518420.089363
64737.916666666664	9723118103.259993
64802.083333333336	9742966394.598759
64865.833333333336	9762793475.826818
64930.0	9882413049.057074
64994.166666666664	9802587470.972853
65057.916666666664	8629881624.69168
65122.083333333336	9842499020.125492
65185.833333333336	9862420151.365362
65250.0	9882422086.53967
65314.166666666664	9902399957.909567
65377.916666666664	9922458765.675303
65442.083333333336	9942599002.681921
65505.833333333336	9962714518.016296
65570.0	9982804514.041044
65634.16666666667	7825839849.189194
65700.0	17507205025.161972
65764.16666666667	10043997160.044533
65827.91666666667	10064198979.670904
65892.08333333333	10084482228.237583
65955.83333333333	10104737688.9859
66020.0	10125074682.811646
66084.16666666667	9618392874.441525
66147.91666666667	10165884204.913616
66212.08333333333	10186245346.773996
66275.83333333333	10206688214.55334
66340.0	7126281576.959276
66404.16666666667	10247708267.38655
66467.91666666667	10268172253.048319
66532.08333333333	10792646554.527672
66595.83333333333	10309346398.795336
66660.0	10329942893.149012
66724.16666666667	10350506737.739346
66787.91666666667	10371152618.639013
66852.08333333333	10391881027.736115
66915.83333333333	10412575964.333384
66980.0	10433353491.36862
67044.16666666667	10454096676.78397
67107.91666666667	11438347296.47247
67172.08333333333	12287091685.043388
67235.83333333333	10516586418.269865
67300.0	10537423602.50497
67364.16666666667	10558343522.757708
67427.91666666667	10579226417.396578
67492.08333333333	10600192082.506224
67555.83333333333	10621119801.477245
67620.0	12959421753.467432
67684.16666666667	10663224124.884527
67747.91666666667	10684279062.370667
67812.08333333333	10705294173.365461
67875.83333333333	10907764579.399197
67940.0	10747573384.96058
68004.16666666667	10768713869.021435
68067.91666666667	10789937683.686312
68132.08333333333	10811245322.631397
68195.83333333333	10832385121.209135
68260.0	10853734327.444593
68324.16666666667	16894162490.516285
68387.91666666667	10896431044.97028
68452.08333333333	10917777547.850298
68515.83333333333	10939207852.043941
68580.0	6975362026.420734
68644.16666666667	10982062667.04481
68707.91666666667	11003486141.780125
68772.08333333333	11024993364.41767
68835.83333333333	6698038011.6139145
68900.0	11048039586.24546
68964.16666666667	11089626033.292183
69027.91666666667	11111338986.450096
69092.08333333333	11133003957.55935
69155.83333333333	11250322981.691872
69220.0	11176319917.91011
69284.16666666667	11198104543.79688
69350.0	11220515333.398191
69414.16666666667	11242201155.316677
69477.91666666667	14584896771.409203
69542.08333333333	11285962103.244364
69605.83333333333	11307764498.870634
69670.0	4805899650.156543
69734.16666666667	11351622979.509762
69797.91666666667	11373541058.829847
69862.08333333333	11395543942.159449
69925.83333333333	11417492054.763496
69990.0	11439524875.784145
70054.16666666667	11461642896.565886
70117.91666666667	8637157322.222155
70182.08333333333	12764638412.419476
70245.83333333333	15779708689.560875
70310.0	11550116839.921648
70374.16666666667	11572377211.33053
70437.91666666667	11594579106.067604
70502.08333333333	17781436027.663902
70565.83333333333	11639093891.475388
70630.0	11661552767.783663
70694.16666666667	11683805125.02412
70757.91666666667	11706289807.356188
70822.08333333333	11728713389.001492
70885.83333333333	11751074668.805275
70950.0	11773521376.901285
71014.16666666667	11796054003.77757
71077.91666666667	11818522963.390602
71142.08333333333	11841228337.159298
71205.83333333333	11863718655.993658
71270.0	11886294570.166622
71334.16666666667	11908956569.257545
71397.91666666667	11931705146.58658
71462.08333333333	11954387248.491362
71525.83333333333	4798517863.48078
71590.0	11999856429.866894
71654.16666666667	19345556589.961433
71717.91666666667	10273700222.356373
71782.08333333333	12068321228.802845
71845.83333333333	12091054964.586048
71910.0	18300181164.748363
71974.16666666667	13877755011.224487
72037.91666666667	12748464194.090094
72102.08333333333	12182852905.254948
72165.83333333333	5826520012.547677
72230.0	12229115890.467728
72294.16666666667	10473273898.374031
72357.91666666667	12275245846.608984
72422.08333333333	12298279065.55554
72485.83333333333	12321562009.744572
72550.0	16263253418.402235
72614.16666666667	12367900291.61136
72677.91666666667	12391117891.679491
72742.08333333333	11882159493.198702
72805.83333333333	12437815588.336536
72870.0	5163516988.90174
72934.16666666667	12484364174.489885
73000.0	5133934785.418631
