t(days)	RNP(psia2/cp-D/Mscf)
0.25	1361579.6320402352
0.33040833333333336	1956511.4924027447
0.4861958333333333	50706247.06455941
0.7977666666666666	3478161.411016568
1.4209083333333332	4695343.309827343
2.667195833333333	6423161.727599926
5.07725	8823611.225507181
9.897375	64562250.71252027
19.198041666666665	17053913.505089376
35.644875	27818249.32095316
66.05958333333334	230890869.09807888
124.99208333333333	43905558.85044351
188.99208333333334	54925219.82224909
252.99208333333334	64572087.22804955
316.99208333333337	207971298.28534067
380.9920833333333	81029511.38735723
444.9916666666666	88246151.82561645
508.9916666666666	94960250.1037196
572.9916666666667	101258347.81375523
636.9916666666667	107205726.35597749
700.9916666666667	112852915.40841524
764.9916666666667	118240033.64701241
828.9916666666667	53277478.50568244
892.9916666666667	128356932.61397581
956.9916666666667	365089805.4842297
1020.9916666666667	137751224.74883613
1084.9916666666666	282827872.80809397
1148.9916666666666	346536547.39531255
1212.9916666666666	150776299.6491076
1276.9916666666666	154882014.1625986
1340.9916666666666	158885436.30802172
1404.9916666666668	162794908.65718612
1468.9916666666668	166616873.85877645
1532.9916666666668	170358081.7113927
1596.9916666666668	14370209.479778856
1660.9916666666668	177620684.920044
1724.9916666666668	181151898.88860813
1788.9916666666668	184622514.39057633
1852.9916666666668	188037042.8047953
1916.9916666666668	191398624.3692269
1980.9916666666668	194711345.23127073
2044.9916666666668	197978065.31873927
2108.991666666667	201211742.1497638
2172.991666666667	204396026.01222086
2236.991666666667	207544703.51001856
2300.991666666667	210659269.27538726
2364.991666666667	213742998.80670202
2428.991666666667	263236095.7548673
2492.991666666667	26124485.843550146
2556.991666666667	222825336.34458113
2620.991666666667	225804125.6869851
2684.991666666667	228761254.94517443
2748.991666666667	231698187.59576446
2812.991666666667	234616843.6766543
2876.991666666667	237519010.22201517
2940.991666666667	404383651.3979956
3004.991666666667	243277464.5013008
3068.991666666667	246137962.7747928
3132.991666666667	248986571.43882632
3196.991666666667	63409133.56451258
3260.991666666667	254653346.55190668
3324.991666666667	257474123.81707197
3388.991666666667	260288190.32230496
3452.991666666667	378781404.8313791
3516.991666666667	510382192.16409034
3580.991666666667	63759000.85074094
3650.0	271705372.18945765
3714.0	274494884.3100728
3778.0	277283602.12009203
3842.0	280069713.6833629
3906.0	145832184.73560786
3970.0	285639665.2366875
4034.0	921021566.1786886
4098.0	291210423.4233365
4162.0	293997733.4407506
4226.0	296785908.07292485
4290.0	299576357.2538301
4354.0	2930551924.3405986
4418.0	305165523.374914
4482.0	307964641.9676603
4546.0	310766807.18971515
4610.0	313573941.2485879
4674.0	316384920.3660676
4738.0	319200765.7977119
4802.0	322021495.22140443
4866.0	324847162.104427
4930.0	1293161346.2667336
4994.0	2875144494.304273
5058.0	333357283.00328684
5122.0	336206480.25779885
5186.0	339060327.52895206
5250.0	341921580.3480016
5314.0	344790655.7024004
5378.0	347665424.54176015
5442.0	350547599.16987944
5506.0	353436347.3857875
5570.0	1096558564.950552
5634.0	359238392.2972292
5698.0	362150131.0718024
5762.0	365070788.2935507
5826.0	367999646.0533107
5890.0	370934479.3843298
5954.0	373880449.78449535
6018.0	376832388.5205003
6082.0	379794111.82235944
6146.0	382763401.0183122
6210.0	385742709.46892184
6274.0	388728167.0547055
6338.0	391725570.14173484
6402.0	2866405447.7284617
6466.0	397743901.4863828
6530.0	400766857.2159577
6594.0	403799320.9293648
6658.0	406840674.9565253
6722.0	1046482860.9862797
6786.0	3272283591.0927153
6850.0	919200.6980508566
6914.0	419102560.3952134
6978.0	422191969.318306
7042.0	425290335.70223016
7106.0	82603441.86133397
7170.0	431517463.2993539
7234.0	434645102.3892468
7300.0	437882267.2112007
7364.0	441030036.2245989
7428.0	444187347.2013509
7492.0	2109479147.7755647
7556.0	450534846.66372013
7620.0	453724022.9539432
7684.0	456922776.4247508
7748.0	460132826.8299062
7812.0	3293450150.735772
7876.0	466582543.2489166
7940.0	469823501.2716356
8004.0	473073726.3737058
8068.0	476332663.6456929
8132.0	1054508901.104876
8196.0	482889389.4954453
8260.0	486181301.1774782
8324.0	2267644022.692642
8388.0	2020572141.79292
8452.0	496125582.96100944
8516.0	1559675840.118877
8580.0	502807598.51110023
8644.0	506165628.72217983
8708.0	509532547.25745326
8772.0	2616929009.1604896
8836.0	516302307.1107868
8900.0	635507053.4177469
8964.0	523116148.725815
9028.0	526537336.2699547
9092.0	529973387.2651337
9156.0	533417889.27202654
9220.0	536873389.7747666
9284.0	216308678.97569788
9348.0	543821938.0881422
9412.0	547310989.6818249
9476.0	550812499.9077023
9540.0	554322782.1915964
9604.0	3190549541.1170855
9668.0	561381088.2904247
9732.0	697679849.6103524
9796.0	568486006.0739983
9860.0	572057104.389277
9924.0	575637746.4538482
9988.0	579227444.0617919
10052.0	582829343.1133891
10116.0	586446755.120665
10180.0	590071937.9455806
10244.0	593711917.5575542
10308.0	597358740.4808966
10372.0	601019589.4455041
10436.0	604694153.0511243
10500.0	1932328575.5029013
10564.0	612075067.6356385
10628.0	615780539.2607211
10692.0	619502283.0164121
10756.0	620886931.9280102
10820.0	626976775.3358526
10884.0	630728633.8644519
10950.0	634616525.0717988
11014.0	638394963.0927631
11078.0	642183212.8202795
11142.0	645985302.583427
11206.0	649800922.1968096
11270.0	653629750.0818508
11334.0	3420306303.5771775
11398.0	661316288.0640403
11462.0	665182584.4392682
11526.0	669055874.5446253
11590.0	672940474.786553
11654.0	676840912.2831342
11718.0	2284809940.1494102
11782.0	684673232.2865283
11846.0	688609358.6996111
11910.0	692554927.4805757
11974.0	2827946098.6524997
12038.0	700488367.6872941
12102.0	704470313.1743633
12166.0	708465429.05734
12230.0	712478844.385619
12294.0	716499376.2993544
12358.0	720532070.5159533
12422.0	724576568.4243668
12486.0	728632499.9561946
12550.0	732705251.7233602
12614.0	939506757.0404404
12678.0	3046617574.680727
12742.0	744992567.5346774
12806.0	749112093.4031283
12870.0	753240852.4219575
12934.0	757390720.2389662
12998.0	761542945.7369541
13062.0	765715749.4644386
13126.0	769896319.5440717
13190.0	774097034.7201585
13254.0	778304787.4594803
13318.0	782519056.3362199
13382.0	786752607.7331833
13446.0	790998601.7831283
13510.0	1942207056.1714916
13574.0	799533409.0838422
13638.0	841050089.4009004
13702.0	808114045.3108444
13766.0	812424156.1864265
13830.0	816744651.1198105
13894.0	821082368.6317128
13958.0	3856511957.3856826
14022.0	954680916.1213417
14086.0	834167053.4220471
14150.0	838556298.7386442
14214.0	842953803.443602
14278.0	1964099849.0570939
14342.0	851787290.2731425
14406.0	856230498.3983426
14470.0	860680505.7049489
14534.0	2861722926.1845894
14600.0	869761382.3935541
14664.0	874254964.3458767
14728.0	878762028.9340445
14792.0	883273889.705745
14856.0	887806912.882684
14920.0	892352478.8287741
14984.0	896910255.5186585
15048.0	269447090.4124266
15112.0	906069885.3599627
15176.0	910662294.3679515
15240.0	2333515266.340928
15304.0	919897270.8838698
15368.0	924530248.089291
15432.0	3454051016.575248
15496.0	50970452.79385769
15560.0	938520370.6538167
15624.0	943210437.7212949
15688.0	3438849784.839336
15752.0	952630223.1007174
15816.0	957360306.7472645
15880.0	962104775.2314781
15944.0	1555225380.8153129
16008.0	971633737.4711822
16072.0	976416595.512315
16136.0	981213669.3994055
16200.0	1353875970.7964878
16264.0	990848292.1133729
16328.0	995687370.9186485
16392.0	1142462354.3218315
16456.0	1005405533.847665
16520.0	3321522108.583415
16584.0	1015179050.2246954
16648.0	1020084861.0479568
16712.0	1025004449.2017521
16776.0	1029937525.0032606
16840.0	3287348525.9335475
16904.0	2190747817.4997616
16968.0	1044820520.6764991
17032.0	1049810459.1614194
17096.0	1054813618.9443741
17160.0	1059830901.1656772
17224.0	3613035142.6749434
17288.0	775859770.8442472
17352.0	695321159.276779
17416.0	1080035538.8754299
17480.0	1085120340.5007014
17544.0	1090220041.8003585
17608.0	1095333096.5937655
17672.0	1100459203.9398234
17736.0	1105601994.8230596
17800.0	358272582.804338
17864.0	1115930102.5695693
17928.0	1121114860.5667226
17992.0	1126311218.3057308
18056.0	1131521577.4536808
18120.0	1136745655.9290597
18184.0	4087781151.4039183
18250.0	2473063751.900152
18314.0	2890918133.5823135
18378.0	1157959069.8523357
18442.0	1163256209.5043695
18506.0	2669517357.633849
18570.0	1173892088.9018407
18634.0	1179231748.066553
18698.0	1184585527.1137567
18762.0	4229336046.792823
18826.0	1195335856.0147114
18890.0	4149237892.2350492
18954.0	3412069924.4394875
19018.0	891886309.6853557
19082.0	1217009242.140864
19146.0	1224257173.9424324
19210.0	64281475.40782523
19274.0	1233413553.2078488
19338.0	1238910554.8613412
19402.0	1244421830.3960402
19466.0	1249948783.547474
19530.0	1255492870.422294
19594.0	1261048765.8346994
19658.0	1266619575.7743
19722.0	1272205041.8748465
19786.0	1277803144.39766
19850.0	1283415334.353845
19914.0	683564915.2539241
19978.0	1294684451.5539136
20042.0	1300342676.9294183
20106.0	2376774385.94248
20170.0	1311699725.6570098
20234.0	1317399821.4264634
20298.0	1323115815.0958917
20362.0	1328847473.7878299
20426.0	1334592644.363699
20490.0	1340352961.5376978
20554.0	1346130119.3746
20618.0	1351919981.0060143
20682.0	1357724210.2926645
20746.0	1363542533.885833
20810.0	1369374671.477047
20874.0	1375222367.7842643
20938.0	1381085380.4253027
21002.0	1386963460.526542
21066.0	1392858437.1618433
21130.0	1668861450.1548758
21194.0	3066574750.50255
21258.0	1410631936.8086393
21322.0	2017804579.441259
21386.0	1422553152.7137375
21450.0	1428535918.1893687
21514.0	1434531629.0767553
21578.0	1970340817.0532074
21642.0	1446571883.2916212
21706.0	1452613706.5327203
21770.0	1458671917.3662734
21834.0	1464746292.6292598
21900.0	4160532778.5268307
21964.0	2986769360.538137
22028.0	1483250803.374254
22092.0	1489384264.4254825
22156.0	277556234.10856533
22220.0	52180768.00048804
22284.0	2516792654.757657
22348.0	1514071730.9053333
22412.0	1520281980.577906
22476.0	1064054166.7158649
22540.0	1532748028.425262
22604.0	12765256.970858097
22668.0	1545276513.3517296
22732.0	1551564848.2672935
22796.0	1557868063.4197662
22860.0	1564185895.967164
22924.0	1570518076.7020974
22988.0	1576864329.985508
23052.0	1583224373.6810756
23116.0	1589603349.0649652
23180.0	1595998355.1987956
23244.0	1602409156.9272044
23308.0	3505265216.6761
23372.0	1615277176.8116546
23436.0	350939261.65116286
23500.0	30713416.52662325
23564.0	1634691450.0168555
23628.0	3493266666.952325
23692.0	1647714781.405823
23756.0	1654248706.642339
23820.0	1660796129.93056
23884.0	1667362728.9232895
23948.0	1673942320.7282968
24012.0	1680540665.4364808
24076.0	1687151474.053721
24140.0	1693777507.5417604
24204.0	1700421616.9024096
24268.0	1707080482.4009745
24332.0	1713753836.6598473
24396.0	1720441406.1638973
24460.0	1727146116.3559756
24524.0	1733867756.2182412
24588.0	1740609364.6558914
24652.0	1747364234.4747403
24716.0	1754135368.4489157
24780.0	1760922533.610417
24844.0	1767722133.8171234
24908.0	1587058235.0471282
24972.0	1781374391.9994764
25036.0	1788223212.2877047
25100.0	3876762048.913767
25164.0	4524869498.221619
25228.0	1808860794.494387
25292.0	4186442651.3241653
25356.0	2381342689.117815
25420.0	1829642120.3318539
25484.0	1836603258.899468
25550.0	1843796535.5527773
25614.0	1323920291.3706274
25678.0	1857797034.6290512
25742.0	1864825007.702265
25806.0	1436363321.4120374
25870.0	1878924091.461428
25934.0	1885998465.6712399
25998.0	1245924433.567824
26062.0	2991975708.9268904
26126.0	1907314227.017773
26190.0	3605285044.0105743
26254.0	1921601342.9659007
26318.0	1928773503.2506511
26382.0	1935959131.6008306
26446.0	980592981.9160208
26510.0	3606469081.2556763
26574.0	1957618509.9249437
26638.0	1964867586.5299323
26702.0	1972141296.324491
26766.0	1979422749.3886387
26830.0	1986724241.7549632
26894.0	1994041348.256834
26958.0	2001373817.2114995
27022.0	2008721391.420433
27086.0	2016088175.3854158
27150.0	4877574187.091537
27214.0	571481536.5020266
27278.0	2038279720.3823106
27342.0	2045716915.1796057
27406.0	2053163287.0225756
27470.0	238162780.73630452
27534.0	2068109551.8318985
27598.0	1813850523.1899078
27662.0	2083116481.7752914
27726.0	2090650255.3940992
27790.0	3967778410.0074234
27854.0	2105758591.1575634
27918.0	2113337355.9102945
27982.0	2715452100.24276
28046.0	1999100025.1494684
28110.0	2136178976.0997021
28174.0	1389081546.7671065
28238.0	2151487378.9401026
28302.0	2159169051.98552
28366.0	2166865414.653448
28430.0	2174581273.9207
28494.0	2182311341.7356935
28558.0	2325598489.768768
28622.0	2197818149.462638
28686.0	2205594376.969144
28750.0	2213394242.929687
28814.0	2221207061.5960345
28878.0	2229037860.106977
28942.0	2236886434.0541606
29006.0	2244747160.21535
29070.0	2252630614.880546
29134.0	2260531203.1692877
29200.0	3845761944.1531253
29264.0	2443675588.9848948
29328.0	2284580233.8936095
29392.0	2292543149.6748414
29456.0	2300527649.543567
29520.0	2308527877.159329
29584.0	2316543579.0035534
29648.0	2324580302.4288573
29712.0	2332632058.0567093
29776.0	2340698577.377731
29840.0	2348785514.1605124
29904.0	2356886743.5602517
29968.0	2365001981.668559
30032.0	2373136990.2698927
30096.0	2381291599.4239197
30160.0	2389459500.345433
30224.0	2717273160.4525857
30288.0	549857615.711309
30352.0	1962282099.7566147
30416.0	2422308279.5073814
30480.0	2430570037.695368
30544.0	1959715063.1414983
30608.0	2447141525.1473665
30672.0	5478595309.076212
30736.0	2463777464.696538
30800.0	2472121443.9236565
30864.0	1491863274.3509257
30928.0	2488860299.8944936
30992.0	1131596864.3850272
31056.0	2505658723.2433043
31120.0	1336314797.2128716
31184.0	5470136179.805655
31248.0	5606933893.146778
31312.0	1737923267.7573152
31376.0	2547976600.3795733
31440.0	2556487283.0166116
31504.0	2565019663.776648
31568.0	5566205490.749547
31632.0	2582141808.376651
31696.0	2590723982.2850513
31760.0	2599327096.3908877
31824.0	3676279204.2863846
31888.0	2616595532.188272
31952.0	2625245727.5626245
32016.0	2633923489.0166874
32080.0	2642613788.215517
32144.0	2651323856.99282
32208.0	226519265.9935732
32272.0	2668794937.227181
32336.0	2677555481.2655253
32400.0	2686327206.1007466
32464.0	2695125373.8323975
32528.0	2703942082.638136
32592.0	3274656043.7839565
32656.0	2721622348.680114
32720.0	2730493394.0556383
32784.0	2739374079.7415924
32850.0	2748564329.8053417
32914.0	2757481444.9169865
32978.0	2766423715.3015714
33042.0	2775382790.1355233
33106.0	2784358431.168784
33170.0	3759611271.7341423
33234.0	2802358435.841061
33298.0	2811390792.3214264
33362.0	2820430277.965133
33426.0	5405773857.816686
33490.0	2838580872.0546503
33554.0	2847674350.1731696
33618.0	2856791201.667505
33682.0	2865931314.859494
33746.0	4141511434.006823
33810.0	947610863.6232989
33874.0	3709821700.199904
33938.0	2902658668.533934
34002.0	2911885566.7481585
34066.0	2921125469.914681
34130.0	2249026496.1357784
34194.0	2939661607.2142973
34258.0	5052776286.603332
34322.0	2958274630.15577
34386.0	2967613035.1065516
34450.0	2976962972.06004
34514.0	3079817236.1291428
34578.0	2995725001.509766
34642.0	3005127056.7093196
34706.0	3014559021.176956
34770.0	3024001250.427418
34834.0	5541399027.4238205
34898.0	3883596276.2823744
34962.0	3052435905.33398
35026.0	3061956094.9615784
35090.0	3071485171.6897235
35154.0	3081032945.162416
35218.0	5395062728.322943
35282.0	3100194082.8765798
35346.0	1712446784.7889128
35410.0	3119427744.9482884
35474.0	4651093599.382887
35538.0	3138732176.0557346
35602.0	3148415688.4930263
35666.0	4130681769.2298865
35730.0	3167844465.8487945
35794.0	3125688376.8637376
35858.0	3187328945.797919
35922.0	3197106431.485598
35986.0	3206899888.166601
36050.0	3216709056.875999
36114.0	3854154323.993719
36178.0	3236384726.118399
36242.0	3246250823.491001
36306.0	3256143082.0075235
36370.0	3266038506.3413596
36434.0	2846070035.5954366
36500.0	3286219739.432109
36564.0	3296170680.535798
36628.0	5404584962.348243
36692.0	3316148113.1493587
36756.0	3382721803.2983475
36820.0	3336189786.873307
36884.0	3346241586.1678863
36948.0	3356305724.6862454
37012.0	3366394053.6991625
37076.0	3376506462.5979867
37140.0	3386630514.506292
37204.0	1829048789.9976292
37268.0	3406949603.347463
37332.0	3417144396.01869
37396.0	3427349898.1552067
37460.0	3437578450.495477
37524.0	3447817146.322661
37588.0	753162818.8826447
37652.0	3468362276.2403026
37716.0	3478655421.8693924
37780.0	3488970605.291941
37844.0	4661107987.958298
37908.0	3509653237.5653195
37972.0	3520033528.154487
38036.0	3530421834.4601226
38100.0	3540831224.4159017
38164.0	3551247977.0907927
38228.0	3561698939.730074
38292.0	1361461310.008781
38356.0	5055053994.840428
38420.0	3593160597.6551776
38484.0	3603678671.912145
38548.0	3614230434.058796
38612.0	3624787699.1421776
38676.0	3635378420.630545
38740.0	5584495904.297323
38804.0	3656602946.0526333
38868.0	3667250616.0467734
38932.0	3677902339.228244
38996.0	3688586881.8080616
39060.0	3699289572.0147486
39124.0	3709995395.2533526
39188.0	3720733614.4210253
39252.0	3731489292.406077
39316.0	3742262191.8224297
39380.0	3753067205.5908933
39444.0	3315550431.9361334
39508.0	3774697093.8102646
39572.0	3785551910.044728
39636.0	3796422877.5083375
39700.0	1203276481.3207722
39764.0	3818227883.553489
39828.0	3829161567.72766
39892.0	3840110515.856638
39956.0	3851090386.6994653
40020.0	3862085146.437908
40084.0	6510113921.226104
40150.0	3884458627.450683
40214.0	3895498270.706217
40278.0	3906568046.558483
40342.0	3917667933.0371876
40406.0	3928764737.008044
40470.0	3939891225.4641633
40534.0	3951030594.7751575
40598.0	3939452027.2981453
40662.0	4281022330.2095547
40726.0	4594460101.870274
40790.0	3995813397.178606
40854.0	8646453836.28696
40918.0	4018327403.228862
40982.0	4029601302.552536
41046.0	5421098985.589283
41110.0	4052234090.972228
41174.0	4063575123.5364466
41238.0	4074926289.619987
41302.0	5975842031.794248
41366.0	4097711687.979564
41430.0	4109127640.0982203
41494.0	4120570890.90012
41558.0	4132023019.197507
41622.0	4143502087.3136663
41685.833333333336	3073329426.607182
41750.0	4166522058.6191225
41814.166666666664	4178062582.910811
41877.916666666664	4189629494.713074
41942.083333333336	4201222700.5102987
42005.833333333336	4212823034.7820315
42070.0	4224430082.855058
42134.166666666664	4236081985.753965
42197.916666666664	10872667463.909073
42262.083333333336	4259423737.175446
42325.833333333336	4271112938.409153
42390.0	4282827056.606245
42454.166666666664	4294565973.024694
42517.916666666664	4306329566.237959
42582.083333333336	4318097677.6009655
42645.833333333336	10195552441.901833
42710.0	4341726642.645101
42774.166666666664	7059571752.667353
42837.916666666664	4365431337.420538
42902.083333333336	4377319252.575259
42965.833333333336	5315175207.820551
43030.0	4401123880.89
43094.166666666664	4413081698.6844
43157.916666666664	4425041553.995229
43222.083333333336	3505671896.1192517
43285.833333333336	4449029187.890715
43350.0	4461056645.803498
43414.166666666664	4473106312.181513
43477.916666666664	4485178019.055186
43542.083333333336	4497249863.946723
43605.833333333336	4509365018.237367
43670.0	4521479723.687185
43734.166666666664	4533637613.896869
43800.0	4546171935.678541
43864.166666666664	4558351527.83433
43927.916666666664	4570574109.867241
43992.083333333336	4582794715.730096
44055.833333333336	4595035473.003626
44120.0	4607296180.015576
44184.166666666664	4619576631.743237
44247.916666666664	4631899671.749878
44312.083333333336	4644219107.101565
44375.833333333336	3053523078.183213
44440.0	4668938510.6906185
44504.166666666664	4681314740.351623
44567.916666666664	4693733085.427775
44632.083333333336	4706146099.068812
44695.833333333336	2504920638.7450666
44760.0	4731097986.691913
44824.166666666664	4743588793.349915
44887.916666666664	4756121424.562286
44952.083333333336	4768647152.96432
45015.833333333336	4781214468.752968
45080.0	9569325092.543793
45144.166666666664	12232763593.86126
45207.916666666664	4819017578.025405
45272.083333333336	2455294644.9641047
45335.833333333336	4844326569.422638
45400.0	4857017648.792898
45464.166666666664	2777940172.605468
45527.916666666664	4882421047.119674
45592.083333333336	6166195598.175479
45655.833333333336	4907936280.692748
45720.0	4920729122.884066
45784.166666666664	4933510372.991214
45847.916666666664	4946358192.816922
45912.083333333336	4959193827.730691
45975.833333333336	920579660.163281
46040.0	3910750486.3409824
46104.166666666664	4997862005.724692
46167.916666666664	5010777837.955661
46232.083333333336	5023733481.831191
46295.833333333336	5036701779.08166
46360.0	5049709803.990334
46424.166666666664	5062702573.213042
46487.916666666664	5075734693.360928
46552.083333333336	5088806255.332665
46615.833333333336	5101889382.004619
46680.0	12062647410.534245
46744.166666666664	909974846.1693754
46807.916666666664	5141261509.979542
46872.083333333336	5154416269.357767
46935.833333333336	5167609825.787867
47000.0	1689316907.7399497
47064.166666666664	6076283642.833981
47127.916666666664	5207307514.975446
47192.083333333336	5220568586.98105
47255.833333333336	5233867940.097662
47320.0	9497443408.263054
47384.166666666664	5260522294.38024
47450.0	3272165910.3280344
47514.166666666664	5287659802.651204
47577.916666666664	5301062066.231013
47642.083333333336	5314471747.860365
47705.833333333336	317973779.761179
47770.0	5384162499.690048
47834.166666666664	5354864472.877762
47897.916666666664	6150739839.976765
47962.083333333336	5381897200.8722925
48025.833333333336	1110545393.2508965
48090.0	8855723767.870008
48154.166666666664	12183035946.959717
48217.916666666664	5436249955.281168
48282.083333333336	5449874482.321937
48345.833333333336	5463535400.353669
48410.0	5477200508.727808
48474.166666666664	5490901750.1330185
48537.916666666664	5504639153.299107
48602.083333333336	5518380025.638565
48665.833333333336	5532156786.642692
48730.0	5545936411.570091
48794.166666666664	5559751640.356552
48857.916666666664	5573569113.472228
48922.083333333336	1379121138.6668072
48985.833333333336	4543575.648225784
49050.0	5615199551.386136
49114.166666666664	5629124116.0064745
49177.916666666664	1072073686.6886511
49242.083333333336	5657009529.750284
49305.833333333336	5671004264.3515
49370.0	5684998960.632129
49434.166666666664	5699028001.347432
49497.916666666664	5713056313.381539
49562.083333333336	5727153857.97476
49625.833333333336	5741214898.981213
49690.0	9584459599.781841
49754.166666666664	5769473603.308122
49817.916666666664	5783635648.021964
49882.083333333336	5797831271.4159565
49945.833333333336	5812024160.192131
50010.0	5826250233.777256
50074.166666666664	12475770397.975277
50137.916666666664	5854765008.706666
50202.083333333336	5869053298.044776
50265.833333333336	5883374306.02276
50330.0	5897690627.437607
50394.166666666664	13372785713.877712
50457.916666666664	5926420096.815162
50522.083333333336	5940833167.438268
50585.833333333336	4719876445.622742
50650.0	6158272435.929805
50714.166666666664	5984149792.923714
50777.916666666664	8900529662.152592
50842.083333333336	6013147075.108359
50905.833333333336	6027673278.179623
50970.0	6042230606.913151
51034.166666666664	6056819003.156601
51100.0	6071874118.24143
51164.166666666664	6086526573.261875
51227.916666666664	6101129927.851104
51292.083333333336	2841304680.023667
51355.833333333336	6029915428.613284
51420.0	9563196532.675142
51484.166666666664	6159965482.65942
51547.916666666664	10767709519.390324
51612.083333333336	12776518573.676426
51675.833333333336	6204314868.833972
51740.0	6219157132.268937
51804.166666666664	6234028821.472181
51867.916666666664	4139401358.644269
51932.083333333336	6263775809.266452
51995.833333333336	2307349554.529995
52060.0	6293637804.178054
52124.166666666664	9943722606.074392
52187.916666666664	6323614024.134357
52252.083333333336	1181423794.4050589
52315.833333333336	5596792251.851434
52380.0	6368659989.215918
52444.166666666664	10310931630.161694
52507.916666666664	9185854170.56713
52572.083333333336	6413954480.162961
52635.833333333336	6429107332.979052
52700.0	1956682735.0318623
52764.166666666664	6459449517.597819
52827.916666666664	6474638177.634328
52892.083333333336	6489898434.832654
52955.833333333336	6505139859.538596
53020.0	8355202484.302874
53084.166666666664	6535700796.6464405
53147.916666666664	6551020031.421679
53212.083333333336	6566364921.255893
53275.833333333336	6581781866.582132
53340.0	6597131084.266966
53404.166666666664	6612599042.559266
53467.916666666664	6628045299.349418
53532.083333333336	6643469040.6593275
53595.833333333336	6658964732.796577
53660.0	6674485014.049286
53724.166666666664	7062230962.348272
53787.916666666664	12468707611.192207
53852.083333333336	6721191756.0521
53915.833333333336	6736759980.630367
53980.0	11484551447.67714
54044.166666666664	6768064581.850781
54107.916666666664	6783752067.087331
54172.083333333336	6799413093.637786
54235.833333333336	4648836251.145588
54300.0	6830902947.889484
54364.166666666664	6846631587.479651
54427.916666666664	6862432826.857343
54492.083333333336	5025348001.588778
54555.833333333336	6894101918.118256
54620.0	6909918069.96842
54684.166666666664	6925806958.156632
54750.0	184963954.38585567
54814.166666666664	6958117069.342513
54877.916666666664	6974071867.906921
54942.083333333336	6990047503.0721655
55005.833333333336	7006043757.577021
55070.0	7022060411.230253
55134.166666666664	7038097240.893597
55197.916666666664	7054154020.46482
55262.083333333336	7070230520.860908
55325.833333333336	7086380465.706634
55390.0	7102495954.181585
55454.166666666664	7118630459.030041
55517.916666666664	7134838435.221601
55582.083333333336	7151065439.684408
55645.833333333336	7167311227.650085
55710.0	7183575551.24728
55774.166666666664	7199858159.485453
55837.916666666664	7216158798.238765
55902.083333333336	7232477210.230151
55965.833333333336	7248813135.015511
56030.0	7265223022.443241
56094.166666666664	7281593434.605065
56157.916666666664	7298037786.853345
56222.083333333336	7314499094.970501
56285.833333333336	7330977084.960272
56350.0	7347471479.5573225
56414.166666666664	7363981998.212181
56477.916666666664	6036915428.12668
56542.083333333336	7397109060.190007
56605.833333333336	7413725553.773361
56670.0	7430357546.497146
56734.166666666664	7446945156.661197
56797.916666666664	7463606993.248059
56862.083333333336	7480283433.885601
56925.833333333336	1584332635.5126762
56990.0	7513739564.077684
57054.166666666664	7530519175.046901
57117.916666666664	7547312693.865682
57182.083333333336	3650353261.02034
57245.833333333336	1661777295.1857004
57310.0	7597773517.862187
57374.166666666664	10843208643.867796
57437.916666666664	7631540292.6025095
57502.083333333336	7648473627.132955
57565.833333333336	7665482274.235644
57630.0	7682439905.932069
57694.166666666664	7699409035.846148
57757.916666666664	7716453295.228058
57822.083333333336	7733508922.972484
57885.833333333336	7750575568.524966
57950.0	3461787691.4747458
58014.166666666664	7784805607.923234
58077.916666666664	7801968856.098973
58142.083333333336	7819142259.334329
58205.833333333336	7836325451.04319
58270.0	7853518060.908187
58334.166666666664	8767804481.850765
58400.0	7888598617.088036
58464.166666666664	7905887300.963681
58527.916666666664	7923184479.155889
58592.083333333336	7940557511.808464
58655.833333333336	7957870810.018097
58720.0	7975259771.753128
58784.166666666664	7992724894.103093
58847.916666666664	8010128796.316778
58912.083333333336	6257915470.582738
58975.833333333336	8045095430.211752
59040.0	8062588707.348325
59104.166666666664	8080158225.12043
59167.916666666664	8097663570.780156
59232.083333333336	8115315692.198096
59295.833333333336	8132902800.20314
59360.0	10413663292.63087
59424.166666666664	8168163318.565993
59487.916666666664	8185908481.850973
59552.083333333336	8203586292.146729
59615.833333333336	8221267996.785033
59680.0	8239099023.946729
59744.166666666664	8256861058.961714
59807.916666666664	8274699843.023307
59872.083333333336	8292541987.1521435
59935.833333333336	11976055297.201483
60000.0	8328309051.76729
60064.166666666664	8346158842.492704
60127.916666666664	6078589899.724926
60192.083333333336	15454435093.971603
60255.833333333336	8400094451.46076
60320.0	8418101329.100719
60384.166666666664	8436109105.481599
60447.916666666664	8454194090.528822
60512.083333333336	8472279656.665754
60575.833333333336	8490442767.490868
60640.0	8508528348.241485
60704.166666666664	8526691142.033023
60767.916666666664	8544853192.2258415
60832.083333333336	15385282689.597946
60895.833333333336	8581331275.762028
60960.0	8599568170.717262
61024.166666666664	8617882744.213179
61087.916666666664	3524199258.1928844
61152.083333333336	8654505480.282005
61215.833333333336	8672893411.1512
61280.0	8691278480.856585
61344.166666666664	8709741662.633675
61407.916666666664	8728119746.830656
61472.083333333336	8251835040.054269
61535.833333333336	8765109574.542263
61600.0	8783639412.258125
61664.166666666664	8802164513.58629
61727.916666666664	8820767920.654016
61792.083333333336	8839366177.643143
61855.833333333336	8857958720.879103
61920.0	8876629643.331741
61984.166666666664	11223366816.799225
62050.0	8914550150.802155
62114.166666666664	8933289162.762125
62177.916666666664	5460602947.625159
62242.083333333336	6352230717.527155
62305.833333333336	15841445603.205196
62370.0	11287670514.013817
62434.166666666664	8970027356.95485
62497.916666666664	9046167635.508747
62562.083333333336	9065023179.77234
62625.833333333336	9083957492.01158
62690.0	9102882033.25489
62754.166666666664	9121885589.822958
62817.916666666664	9140878879.205303
62882.083333333336	9159951428.020731
62945.833333333336	9179013204.371527
63010.0	9198063575.704128
63074.166666666664	7531245941.598347
63137.916666666664	9236310870.282803
63202.083333333336	9255415981.423935
63265.833333333336	9274600293.416443
63330.0	9293864299.777779
63394.166666666664	9313115304.541462
63457.916666666664	14615794431.046516
63522.083333333336	9351669629.268368
63585.833333333336	9370972389.86323
63650.0	12551453356.817923
63714.166666666664	9409722821.652914
63777.916666666664	9429075171.916786
63842.083333333336	9448507287.608845
63905.833333333336	9467923345.310747
63970.0	9487419364.758165
64034.166666666664	6634080957.7852955
64097.916666666664	9526458246.438406
64162.083333333336	3774793593.5121994
64225.833333333336	4549081665.880455
64290.0	5990304105.516507
64354.166666666664	6233699448.91113
64417.916666666664	9624480251.952374
64482.083333333336	9644127340.255808
64545.833333333336	3044046858.0167294
64610.0	9683663144.772099
64674.166666666664	9703350517.062466
64737.916666666664	4867266676.79139
64802.083333333336	9742966394.598759
64865.833333333336	9762793475.826818
64930.0	9782701418.418139
64994.166666666664	9802587470.972853
65057.916666666664	13652602715.971148
65122.083333333336	9842499020.125492
65185.833333333336	9862420151.365362
65250.0	9882422086.53967
65314.166666666664	11803786852.826738
65377.916666666664	9922458765.675303
65442.083333333336	9942599002.681921
65505.833333333336	16443533197.549904
65570.0	9982804514.041044
65634.16666666667	10002975697.470459
65700.0	14556258962.629692
65764.16666666667	10043997160.044533
65827.91666666667	9176046751.0465
65892.08333333333	10084482228.237583
65955.83333333333	8476934369.64681
66020.0	10125074682.811646
66084.16666666667	10145493702.992823
66147.91666666667	10165884204.913616
66212.08333333333	10186245346.773996
66275.83333333333	10206688214.55334
66340.0	16794257450.030045
66404.16666666667	10247708267.38655
66467.91666666667	4128167310.582425
66532.08333333333	10288718132.658764
66595.83333333333	5297194926.814907
66660.0	10329942893.149012
66724.16666666667	10350506737.739346
66787.91666666667	10371152618.639013
66852.08333333333	12836510671.559765
66915.83333333333	5341912975.030473
66980.0	10433353491.36862
67044.16666666667	10454096676.78397
67107.91666666667	10474922508.092813
67172.08333333333	10495713115.95334
67235.83333333333	10516586418.269865
67300.0	13877233837.99193
67364.16666666667	10558343522.757708
67427.91666666667	10579226417.396578
67492.08333333333	10600192082.506224
67555.83333333333	12555844752.188623
67620.0	10642130318.15636
67684.16666666667	8401122487.611565
67747.91666666667	10684279062.370667
67812.08333333333	10705294173.365461
67875.83333333333	10726515741.696592
67940.0	7855118954.704441
68004.16666666667	10768713869.021435
68067.91666666667	10789937683.686312
68132.08333333333	10811245322.631397
68195.83333333333	10832385121.209135
68260.0	10853734327.444593
68324.16666666667	10875040778.257399
68387.91666666667	10896431044.97028
68452.08333333333	6964942782.287593
68515.83333333333	10939207852.043941
68580.0	4126523113.226898
68644.16666666667	10982062667.04481
68707.91666666667	3839153531.0293856
68772.08333333333	11024993364.41767
68835.83333333333	12161028035.865564
68900.0	11068129398.297575
68964.16666666667	11089626033.292183
69027.91666666667	11111338986.450096
69092.08333333333	11133003957.55935
69155.83333333333	11154619886.428478
69220.0	7394047586.690418
69284.16666666667	11198104543.79688
69350.0	6649147887.62045
69414.16666666667	11242201155.316677
69477.91666666667	11264107290.094358
69542.08333333333	11285962103.244364
69605.83333333333	11307764498.870634
69670.0	11329651293.949219
69734.16666666667	11351622979.509762
69797.91666666667	11373541058.829847
69862.08333333333	14928512367.675777
69925.83333333333	11417492054.763496
69990.0	11439524875.784145
70054.16666666667	11461642896.565886
70117.91666666667	13002881073.203001
70182.08333333333	12426809300.36677
70245.83333333333	11527941943.221523
70310.0	11550116839.921648
70374.16666666667	11572377211.33053
70437.91666666667	11594579106.067604
70502.08333333333	10364073413.537037
70565.83333333333	17970598979.803402
70630.0	11661552767.783663
70694.16666666667	11683805125.02412
70757.91666666667	11706289807.356188
70822.08333333333	11728713389.001492
70885.83333333333	11751074668.805275
70950.0	11773521376.901285
71014.16666666667	11796054003.77757
71077.91666666667	11818522963.390602
71142.08333333333	8308920366.70977
71205.83333333333	18185800458.070732
71270.0	11886294570.166622
71334.16666666667	11908956569.257545
71397.91666666667	11931705146.58658
71462.08333333333	11954387248.491362
71525.83333333333	11977001619.4686
71590.0	11999856429.866894
71654.16666666667	12022488016.793646
71717.91666666667	12045361023.529709
71782.08333333333	12068321228.802845
71845.83333333333	14696920458.16109
71910.0	12114032186.755434
71974.16666666667	12136938628.43194
72037.91666666667	12159931861.873142
72102.08333333333	12182852905.254948
72165.83333333333	12206020601.50358
72230.0	12229115890.467728
72294.16666666667	14961137831.231127
72357.91666666667	15058733959.773624
72422.08333333333	12298279065.55554
72485.83333333333	12321562009.744572
72550.0	6576722475.698923
72614.16666666667	12095662562.369822
72677.91666666667	11039942262.745115
72742.08333333333	12414422826.022043
72805.83333333333	12437815588.336536
72870.0	12461129831.352379
72934.16666666667	12484364174.489885
73000.0	14117264342.38775
