t(days)	RNP(psia2/cp-D/Mscf)
0.25	199669332.89241058
0.33040833333333336	1956511.4924027447
0.4861958333333333	255115172.164953
0.7977666666666666	204721803.07556164
1.4209083333333332	143888611.09898478
2.667195833333333	19413349.629979838
5.07725	203341045.01777536
9.897375	722216.5355874449
19.198041666666665	260574524.18062577
35.644875	208484413.05393642
66.05958333333334	35331445.15592683
124.99208333333333	39370493.025379315
188.99208333333334	161457081.8368867
252.99208333333334	173068883.10145712
316.99208333333337	63271667.865449026
380.9920833333333	81667994.54208168
444.9916666666666	335930398.3473524
508.9916666666666	297291891.0176436
572.9916666666667	101934598.06771217
636.9916666666667	107205726.35597749
700.9916666666667	112852915.40841524
764.9916666666667	118240033.64701241
828.9916666666667	330130946.48787385
892.9916666666667	101402001.20484361
956.9916666666667	133134715.11106944
1020.9916666666667	359244973.00520825
1084.9916666666666	265102770.68667543
1148.9916666666666	146559511.3371095
1212.9916666666666	325134364.51700133
1276.9916666666666	391745860.54133594
1340.9916666666666	27352432.327919856
1404.9916666666668	162794908.65718612
1468.9916666666668	166616873.85877645
1532.9916666666668	125016858.19337383
1596.9916666666668	432785278.95011115
1660.9916666666668	292103996.7497399
1724.9916666666668	11776915.675472349
1788.9916666666668	184622514.39057633
1852.9916666666668	188037042.8047953
1916.9916666666668	294571380.31843543
1980.9916666666668	227310611.18381238
2044.9916666666668	54175650.69693607
2108.991666666667	309816628.39504683
2172.991666666667	204396026.01222086
2236.991666666667	407582928.5603545
2300.991666666667	41179509.174943775
2364.991666666667	347148411.87438893
2428.991666666667	477445640.11839163
2492.991666666667	421743702.7151522
2556.991666666667	222825336.34458113
2620.991666666667	451878174.15947074
2684.991666666667	47096242.00985345
2748.991666666667	231698187.59576446
2812.991666666667	410248934.8801297
2876.991666666667	237519010.22201517
2940.991666666667	92460091.23183519
3004.991666666667	481661850.78756577
3068.991666666667	234132019.63995746
3132.991666666667	248986571.43882632
3196.991666666667	290337391.37900895
3260.991666666667	254653346.55190668
3324.991666666667	119815073.49604756
3388.991666666667	432499112.5468525
3452.991666666667	201283496.1934396
3516.991666666667	500548611.63963044
3580.991666666667	268694764.6189113
3650.0	271705372.18945765
3714.0	480497937.3304751
3778.0	278930832.2013141
3842.0	307939779.7774311
3906.0	179315406.1040758
3970.0	109776281.80300266
4034.0	288424511.00431275
4098.0	291210423.4233365
4162.0	293997733.4407506
4226.0	296785908.07292485
4290.0	299576357.2538301
4354.0	302369668.98874485
4418.0	305165523.374914
4482.0	307964641.9676603
4546.0	310766807.18971515
4610.0	313573941.2485879
4674.0	316384920.3660676
4738.0	319200765.7977119
4802.0	322021495.22140443
4866.0	324847162.104427
4930.0	327677857.4098492
4994.0	330514885.0612758
5058.0	333357283.00328684
5122.0	336206480.25779885
5186.0	339060327.52895206
5250.0	341921580.3480016
5314.0	344790655.7024004
5378.0	347665424.54176015
5442.0	350547599.16987944
5506.0	353436347.3857875
5570.0	356334897.29313457
5634.0	359238392.2972292
5698.0	362150131.0718024
5762.0	365070788.2935507
5826.0	367999646.0533107
5890.0	370934479.3843298
5954.0	373880449.78449535
6018.0	376832388.5205003
6082.0	379794111.82235944
6146.0	382763401.0183122
6210.0	385742709.46892184
6274.0	388728167.0547055
6338.0	391725570.14173484
6402.0	394731047.9447139
6466.0	397743901.4863828
6530.0	400766857.2159577
6594.0	403799320.9293648
6658.0	406840674.9565253
6722.0	409893888.2770246
6786.0	412952960.76070493
6850.0	416022700.89089435
6914.0	419102560.3952134
6978.0	422191969.318306
7042.0	425290335.70223016
7106.0	428399017.1894345
7170.0	431517463.2993539
7234.0	434645102.3892468
7300.0	437882267.2112007
7364.0	441030036.2245989
7428.0	444187347.2013509
7492.0	447357933.14076734
7556.0	450534846.66372013
7620.0	453724022.9539432
7684.0	456922776.4247508
7748.0	460132826.8299062
7812.0	463351387.9400018
7876.0	466582543.2489166
7940.0	469823501.2716356
8004.0	473073726.3737058
8068.0	476332663.6456929
8132.0	479607153.0831864
8196.0	482889389.4954453
8260.0	486181301.1774782
8324.0	489484934.54440796
8388.0	492799847.9522006
8452.0	496125582.96100944
8516.0	499461664.078591
8580.0	502807598.51110023
8644.0	506165628.72217983
8708.0	509532547.25745326
8772.0	512910635.6674675
8836.0	516302307.1107868
8900.0	519704305.7616323
8964.0	523116148.725815
9028.0	526537336.2699547
9092.0	529973387.2651337
9156.0	533417889.27202654
9220.0	536873389.7747666
9284.0	540342578.955218
9348.0	543821938.0881422
9412.0	547310989.6818249
9476.0	550812499.9077023
9540.0	554322782.1915964
9604.0	557847998.2522142
9668.0	561381088.2904247
9732.0	564928353.2492726
9796.0	568486006.0739983
9860.0	572057104.389277
9924.0	575637746.4538482
9988.0	579227444.0617919
10052.0	582829343.1133891
10116.0	586446755.120665
10180.0	590071937.9455806
10244.0	593711917.5575542
10308.0	597358740.4808966
10372.0	601019589.4455041
10436.0	604694153.0511243
10500.0	608378131.0263083
10564.0	612075067.6356385
10628.0	615780539.2607211
10692.0	619502283.0164121
10756.0	623231725.4235784
10820.0	626976775.3358526
10884.0	630728633.8644519
10950.0	634616525.0717988
11014.0	638394963.0927631
11078.0	642183212.8202795
11142.0	645985302.583427
11206.0	649800922.1968096
11270.0	653629750.0818508
11334.0	657466808.5477659
11398.0	661316288.0640403
11462.0	665182584.4392682
11526.0	669055874.5446253
11590.0	672940474.786553
11654.0	676840912.2831342
11718.0	680751971.125579
11782.0	684673232.2865283
11846.0	688609358.6996111
11910.0	692554927.4805757
11974.0	696514694.3198324
12038.0	700488367.6872941
12102.0	704470313.1743633
12166.0	708465429.05734
12230.0	712478844.385619
12294.0	716499376.2993544
12358.0	720532070.5159533
12422.0	724576568.4243668
12486.0	728632499.9561946
12550.0	732705251.7233602
12614.0	736788790.8643633
12678.0	740882713.6157033
12742.0	744992567.5346774
12806.0	749112093.4031283
12870.0	753240852.4219575
12934.0	757390720.2389662
12998.0	761542945.7369541
13062.0	765715749.4644386
13126.0	769896319.5440717
13190.0	774097034.7201585
13254.0	778304787.4594803
13318.0	782519056.3362199
13382.0	786752607.7331833
13446.0	790998601.7831283
13510.0	795263492.1336807
13574.0	799533409.0838422
13638.0	803814712.479204
13702.0	808114045.3108444
13766.0	812424156.1864265
13830.0	816744651.1198105
13894.0	821082368.6317128
13958.0	825429802.1729325
14022.0	829793923.7197276
14086.0	834167053.4220471
14150.0	838556298.7386442
14214.0	842953803.443602
14278.0	847366812.5025461
14342.0	851787290.2731425
14406.0	856230498.3983426
14470.0	860680505.7049489
14534.0	865144840.2949018
14600.0	869761382.3935541
14664.0	874254964.3458767
14728.0	878762028.9340445
14792.0	883273889.705745
14856.0	887806912.882684
14920.0	892352478.8287741
14984.0	896910255.5186585
15048.0	901479901.2447056
15112.0	906069885.3599627
15176.0	910662294.3679515
15240.0	915274489.692724
15304.0	919897270.8838698
15368.0	924530248.089291
15432.0	929182297.6987975
15496.0	933843918.850573
15560.0	938520370.6538167
15624.0	943210437.7212949
15688.0	947913823.622502
15752.0	952630223.1007174
15816.0	957360306.7472645
15880.0	962104775.2314781
15944.0	966862351.0864346
16008.0	971633737.4711822
16072.0	976416595.512315
16136.0	981213669.3994055
16200.0	986023637.1480614
16264.0	990848292.1133729
16328.0	995687370.9186485
16392.0	1000539526.4907321
16456.0	1005405533.847665
16520.0	1010285104.8325447
16584.0	1015179050.2246954
16648.0	1020084861.0479568
16712.0	1025004449.2017521
16776.0	1029937525.0032606
16840.0	1034884941.1825398
16904.0	1039845262.6872795
16968.0	1044820520.6764991
17032.0	1049810459.1614194
17096.0	1054813618.9443741
17160.0	1059830901.1656772
17224.0	1064860807.7317902
17288.0	1069904246.1144958
17352.0	1074963403.3546624
17416.0	1080035538.8754299
17480.0	1085120340.5007014
17544.0	1090220041.8003585
17608.0	1095333096.5937655
17672.0	1100459203.9398234
17736.0	1105601994.8230596
17800.0	1110759936.6553762
17864.0	1115930102.5695693
17928.0	1121114860.5667226
17992.0	1126311218.3057308
18056.0	1131521577.4536808
18120.0	1136745655.9290597
18184.0	1141984565.1119246
18250.0	1147404941.2969117
18314.0	1152674263.8861942
18378.0	1157959069.8523357
18442.0	1163256209.5043695
18506.0	1168566821.2841928
18570.0	1173892088.9018407
18634.0	1179231748.066553
18698.0	1184585527.1137567
18762.0	1189953146.9157217
18826.0	1195335856.0147114
18890.0	1200733401.7678158
18954.0	1206145524.3958514
19018.0	1211570379.6848714
19082.0	1217009242.140864
19146.0	1222463435.445184
19210.0	1227931093.1935768
19274.0	1233413553.2078488
19338.0	1238910554.8613412
19402.0	1244421830.3960402
19466.0	1249948783.547474
19530.0	1255492870.422294
19594.0	1261048765.8346994
19658.0	1266619575.7743
19722.0	1272205041.8748465
19786.0	1277803144.39766
19850.0	1283415334.353845
19914.0	1289043117.1542153
19978.0	1294684451.5539136
20042.0	1300342676.9294183
20106.0	1306013921.5688026
20170.0	1311699725.6570098
20234.0	1317399821.4264634
20298.0	1323115815.0958917
20362.0	1328847473.7878299
20426.0	1334592644.363699
20490.0	1340352961.5376978
20554.0	1346130119.3746
20618.0	1351919981.0060143
20682.0	1357724210.2926645
20746.0	1363542533.885833
20810.0	1369374671.477047
20874.0	1375222367.7842643
20938.0	1381085380.4253027
21002.0	1386963460.526542
21066.0	1392858437.1618433
21130.0	1398767999.1764667
21194.0	1404691878.1218488
21258.0	1410631936.8086393
21322.0	1416583635.0995607
21386.0	1422553152.7137375
21450.0	1428535918.1893687
21514.0	1434531629.0767553
21578.0	1440544435.1397543
21642.0	1446571883.2916212
21706.0	1452613706.5327203
21770.0	1458671917.3662734
21834.0	1464746292.6292598
21900.0	1471027232.8947997
21964.0	1477130140.6413665
22028.0	1483250803.374254
22092.0	1489384264.4254825
22156.0	1495535016.4691732
22220.0	1501698011.7303655
22284.0	1507877808.9022064
22348.0	1514071730.9053333
22412.0	1520281980.577906
22476.0	1526508331.8474085
22540.0	1532748028.425262
22604.0	1539003315.2165334
22668.0	1545276513.3517296
22732.0	1551564848.2672935
22796.0	1557868063.4197662
22860.0	1564185895.967164
22924.0	1570518076.7020974
22988.0	1576864329.985508
23052.0	1583224373.6810756
23116.0	1589603349.0649652
23180.0	1595998355.1987956
23244.0	1602409156.9272044
23308.0	1608835513.1610458
23372.0	1615277176.8116546
23436.0	1621733894.725551
23500.0	1628205407.6196253
23564.0	1634691450.0168555
23628.0	1641194644.2668147
23692.0	1647714781.405823
23756.0	1654248706.642339
23820.0	1660796129.93056
23884.0	1667362728.9232895
23948.0	1673942320.7282968
24012.0	1680540665.4364808
24076.0	1687151474.053721
24140.0	1693777507.5417604
24204.0	1700421616.9024096
24268.0	1707080482.4009745
24332.0	1713753836.6598473
24396.0	1720441406.1638973
24460.0	1727146116.3559756
24524.0	1733867756.2182412
24588.0	1740609364.6558914
24652.0	1747364234.4747403
24716.0	1754135368.4489157
24780.0	1760922533.610417
24844.0	1767722133.8171234
24908.0	1774540613.8822403
24972.0	1781374391.9994764
25036.0	1788223212.2877047
25100.0	1795086812.9898732
25164.0	1801964926.4149287
25228.0	1808860794.494387
25292.0	1815774218.2293003
25356.0	1822701423.862343
25420.0	1829642120.3318539
25484.0	1836603258.899468
25550.0	1843796535.5527773
25614.0	1850788710.377629
25678.0	1857797034.6290512
25742.0	1864825007.702265
25806.0	1871864942.1746178
25870.0	1878924091.461428
25934.0	1885998465.6712399
25998.0	1893087805.7316523
26062.0	1900195726.4216225
26126.0	1907314227.017773
26190.0	1914450819.7054086
26254.0	1921601342.9659007
26318.0	1928773503.2506511
26382.0	1935959131.6008306
26446.0	1943161986.0615635
26510.0	1950381852.0706694
26574.0	1957618509.9249437
26638.0	1964867586.5299323
26702.0	1972141296.324491
26766.0	1979422749.3886387
26830.0	1986724241.7549632
26894.0	1994041348.256834
26958.0	2001373817.2114995
27022.0	2008721391.420433
27086.0	2016088175.3854158
27150.0	2023469597.5094008
27214.0	2030865384.2750797
27278.0	2038279720.3823106
27342.0	2045716915.1796057
27406.0	2053163287.0225756
27470.0	2060627566.5915651
27534.0	2068109551.8318985
27598.0	2075604406.8975472
27662.0	2083116481.7752914
27726.0	2090650255.3940992
27790.0	2098196146.8179688
27854.0	2105758591.1575634
27918.0	2113337355.9102945
27982.0	2120937036.7491615
28046.0	2128547758.9087274
28110.0	2136178976.0997021
28174.0	2143825602.1690476
28238.0	2151487378.9401026
28302.0	2159169051.98552
28366.0	2166865414.653448
28430.0	2174581273.9207
28494.0	2182311341.7356935
28558.0	2190055333.6017003
28622.0	2197818149.462638
28686.0	2205594376.969144
28750.0	2213394242.929687
28814.0	2221207061.5960345
28878.0	2229037860.106977
28942.0	2236886434.0541606
29006.0	2244747160.21535
29070.0	2252630614.880546
29134.0	2260531203.1692877
29200.0	2268692005.4213963
29264.0	2276627890.666813
29328.0	2284580233.8936095
29392.0	2292543149.6748414
29456.0	2300527649.543567
29520.0	2308527877.159329
29584.0	2316543579.0035534
29648.0	2324580302.4288573
29712.0	2332632058.0567093
29776.0	2340698577.377731
29840.0	2348785514.1605124
29904.0	2356886743.5602517
29968.0	2365001981.668559
30032.0	2373136990.2698927
30096.0	2381291599.4239197
30160.0	2389459500.345433
30224.0	2397640388.3949547
30288.0	2405846391.4613657
30352.0	2414064925.63256
30416.0	2422308279.5073814
30480.0	2430570037.695368
30544.0	2438843608.5784235
30608.0	2447141525.1473665
30672.0	2455450751.8977146
30736.0	2463777464.696538
30800.0	2472121443.9236565
30864.0	2480482465.310032
30928.0	2488860299.8944936
30992.0	2497254713.9807196
31056.0	2505658723.2433043
31120.0	2514092321.941172
31184.0	2522535024.3636627
31248.0	2531000206.2554464
31312.0	2539480819.0216036
31376.0	2547976600.3795733
31440.0	2556487283.0166116
31504.0	2565019663.776648
31568.0	2573566490.2762895
31632.0	2582141808.376651
31696.0	2590723982.2850513
31760.0	2599327096.3908877
31824.0	2607950998.3888946
31888.0	2616595532.188272
31952.0	2625245727.5626245
32016.0	2633923489.0166874
32080.0	2642613788.215517
32144.0	2651323856.99282
32208.0	2660045915.296806
32272.0	2668794937.227181
32336.0	2677555481.2655253
32400.0	2686327206.1007466
32464.0	2695125373.8323975
32528.0	2703942082.638136
32592.0	2712769222.4671984
32656.0	2721622348.680114
32720.0	2730493394.0556383
32784.0	2739374079.7415924
32850.0	2748564329.8053417
32914.0	2757481444.9169865
32978.0	2766423715.3015714
33042.0	2775382790.1355233
33106.0	2784358431.168784
33170.0	2793350395.5605373
33234.0	2802358435.841061
33298.0	2811390792.3214264
33362.0	2820430277.965133
33426.0	2829493671.3740325
33490.0	2838580872.0546503
33554.0	2847674350.1731696
33618.0	2856791201.667505
33682.0	2865931314.859494
33746.0	2875085693.2388654
33810.0	2884262986.80135
33874.0	2893454077.785107
33938.0	2902658668.533934
34002.0	2911885566.7481585
34066.0	2921125469.914681
34130.0	2930387292.410144
34194.0	2939661607.2142973
34258.0	2948966780.346217
34322.0	2958274630.15577
34386.0	2967613035.1065516
34450.0	2976962972.06004
34514.0	2986333682.5820036
34578.0	2995725001.509766
34642.0	3005127056.7093196
34706.0	3014559021.176956
34770.0	3024001250.427418
34834.0	3033463266.6602993
34898.0	3042944884.9583344
34962.0	3052435905.33398
35026.0	3061956094.9615784
35090.0	3071485171.6897235
35154.0	3081032945.162416
35218.0	3090609472.911155
35282.0	3100194082.8765798
35346.0	3109807152.026031
35410.0	3119427744.9482884
35474.0	3129076486.775418
35538.0	3138732176.0557346
35602.0	3148415688.4930263
35666.0	3158116270.2546535
35730.0	3167844465.8487945
35794.0	3177578534.437414
35858.0	3187328945.797919
35922.0	3197106431.485598
35986.0	3206899888.166601
36050.0	3216709056.875999
36114.0	3226544859.920425
36178.0	3236384726.118399
36242.0	3246250823.491001
36306.0	3256143082.0075235
36370.0	3266038506.3413596
36434.0	3275959664.919787
36500.0	3286219739.432109
36564.0	3296170680.535798
36628.0	3306146835.2038026
36692.0	3316148113.1493587
36756.0	3326162534.153577
36820.0	3336189786.873307
36884.0	3346241586.1678863
36948.0	3356305724.6862454
37012.0	3366394053.6991625
37076.0	3376506462.5979867
37140.0	3386630514.506292
37204.0	3396778268.2980156
37268.0	3406949603.347463
37332.0	3417144396.01869
37396.0	3427349898.1552067
37460.0	3437578450.495477
37524.0	3447817146.322661
37588.0	3458091317.564527
37652.0	3468362276.2403026
37716.0	3478655421.8693924
37780.0	3488970605.291941
37844.0	3499307674.0788164
37908.0	3509653237.5653195
37972.0	3520033528.154487
38036.0	3530421834.4601226
38100.0	3540831224.4159017
38164.0	3551247977.0907927
38228.0	3561698939.730074
38292.0	3572170463.934837
38356.0	3582662368.807391
38420.0	3593160597.6551776
38484.0	3603678671.912145
38548.0	3614230434.058796
38612.0	3624787699.1421776
38676.0	3635378420.630545
38740.0	3645974077.51118
38804.0	3656602946.0526333
38868.0	3667250616.0467734
38932.0	3677902339.228244
38996.0	3688586881.8080616
39060.0	3699289572.0147486
39124.0	3709995395.2533526
39188.0	3720733614.4210253
39252.0	3731489292.406077
39316.0	3742262191.8224297
39380.0	3753067205.5908933
39444.0	3763873906.944391
39508.0	3774697093.8102646
39572.0	3785551910.044728
39636.0	3796422877.5083375
39700.0	3807325310.5721292
39764.0	3818227883.553489
39828.0	3829161567.72766
39892.0	3840110515.856638
39956.0	3851090386.6994653
40020.0	8064165636.3578205
40084.0	3873094511.1654963
40150.0	1970671834.340805
40214.0	6314596507.723296
40278.0	3906568046.558483
40342.0	3917667933.0371876
40406.0	2966634530.5962515
40470.0	3939891225.4641633
40534.0	2980068856.1638937
40598.0	7971075186.986629
40662.0	187590639.95618486
40726.0	3010605334.626773
40790.0	6565229810.230425
40854.0	6563477608.05377
40918.0	4018327403.228862
40982.0	9394664948.357374
41046.0	10360051172.77684
41110.0	4052234090.972228
41174.0	4063575123.5364466
41238.0	727153804.9932947
41302.0	5740395577.94246
41366.0	10784576024.005598
41430.0	3574571886.6940184
41494.0	11216755350.755867
41558.0	5282721657.945776
41622.0	8388082056.120339
41685.833333333336	73804107.34394217
41750.0	5837755218.078571
41814.166666666664	8568538108.377033
41877.916666666664	4189629494.713074
41942.083333333336	7249431331.844927
42005.833333333336	4343833874.270338
42070.0	10346911560.823856
42134.166666666664	10212142083.660475
42197.916666666664	10258747168.707468
42262.083333333336	9159844225.877762
42325.833333333336	1516348542.9269
42390.0	6028902234.444807
42454.166666666664	10677864953.328236
42517.916666666664	591776984.865346
42582.083333333336	7086172953.4118595
42645.833333333336	35747002.61566782
42710.0	712923220.6335273
42774.166666666664	2739773136.8761005
42837.916666666664	8670430680.537708
42902.083333333336	1634850419.2452345
42965.833333333336	3417756494.621306
43030.0	685263483.0494204
43094.166666666664	857544690.4023085
43157.916666666664	1436008760.7313185
43222.083333333336	9852499231.65669
43285.833333333336	4449029187.890715
43350.0	7257480989.036528
43414.166666666664	4473106312.181513
43477.916666666664	4485178019.055186
43542.083333333336	8617151027.57154
43605.833333333336	11536678408.139015
43670.0	6143376034.828552
43734.166666666664	7376299335.175497
43800.0	11985818004.161655
43864.166666666664	4558351527.83433
43927.916666666664	11814969412.768509
43992.083333333336	3538484192.961638
44055.833333333336	9049401741.795128
44120.0	3649727089.206758
44184.166666666664	4619576631.743237
44247.916666666664	4631899671.749878
44312.083333333336	3770638069.5420465
44375.833333333336	4521452583.3878355
44440.0	8384400565.314147
44504.166666666664	4681314740.351623
44567.916666666664	2203611659.194601
44632.083333333336	4706146099.068812
44695.833333333336	9107781137.83765
44760.0	9882679067.104897
44824.166666666664	12123408280.00201
44887.916666666664	9381974279.381556
44952.083333333336	8262641010.795177
45015.833333333336	4781214468.752968
45080.0	4793798815.551422
45144.166666666664	3523813584.913005
45207.916666666664	5615260093.517748
45272.083333333336	7406290064.669676
45335.833333333336	1280705947.0577579
45400.0	3673891038.20065
45464.166666666664	6204914550.431146
45527.916666666664	6280509429.064997
45592.083333333336	6814714258.331394
45655.833333333336	11402011541.805971
45720.0	4920729122.884066
45784.166666666664	7334306398.37979
45847.916666666664	4946358192.816922
45912.083333333336	4360830286.2005825
45975.833333333336	4972043127.392254
46040.0	4984932485.158415
46104.166666666664	1196727867.0937886
46167.916666666664	5010777837.955661
46232.083333333336	5023733481.831191
46295.833333333336	1082136722.1572223
46360.0	5049709803.990334
46424.166666666664	5062702573.213042
46487.916666666664	5075734693.360928
46552.083333333336	11758155561.254108
46615.833333333336	10597937867.054783
46680.0	137653751.17773247
46744.166666666664	1760950182.5124164
46807.916666666664	10953920761.035397
46872.083333333336	5154416269.357767
46935.833333333336	8312703396.237484
47000.0	9565154014.805729
47064.166666666664	6138427636.503522
47127.916666666664	6483754098.679574
47192.083333333336	6207560210.367989
47255.833333333336	3768901358.0645704
47320.0	11942821917.394112
47384.166666666664	3993872714.3548512
47450.0	5274295246.170762
47514.166666666664	8560282266.23444
47577.916666666664	5301062066.231013
47642.083333333336	280746461.5520992
47705.833333333336	1270483185.3805275
47770.0	5341373052.828788
47834.166666666664	5354864472.877762
47897.916666666664	12657033762.538021
47962.083333333336	12351170235.30952
48025.833333333336	5395469256.354039
48090.0	6384815370.091839
48154.166666666664	5422630190.43096
48217.916666666664	3132690890.06726
48282.083333333336	4126046819.2766395
48345.833333333336	5463535400.353669
48410.0	11899308199.00209
48474.166666666664	8328289930.440548
48537.916666666664	8676072240.873941
48602.083333333336	5518380025.638565
48665.833333333336	5081045270.845119
48730.0	11510257042.528927
48794.166666666664	8628741386.229513
48857.916666666664	11503546876.39077
48922.083333333336	9644546742.43969
48985.833333333336	2021676764.174564
49050.0	9303108714.559055
49114.166666666664	4543395948.8179655
49177.916666666664	7867539251.240204
49242.083333333336	2707549913.4362464
49305.833333333336	5400940766.192373
49370.0	3034791803.867241
49434.166666666664	8370837337.581235
49497.916666666664	3082548101.602709
49562.083333333336	3753850754.6260924
49625.833333333336	9872098796.055384
49690.0	10806612072.79044
49754.166666666664	3480993689.3771076
49817.916666666664	9813429065.5207
49882.083333333336	1441720432.289629
49945.833333333336	9041619152.270023
50010.0	5788207070.98299
50074.166666666664	11870799531.102833
50137.916666666664	5854765008.706666
50202.083333333336	5869053298.044776
50265.833333333336	7055318293.172134
50330.0	7652469861.932641
50394.166666666664	956842502.7641525
50457.916666666664	5926420096.815162
50522.083333333336	11787060656.401066
50585.833333333336	5955240301.788091
50650.0	23282085.20804119
50714.166666666664	9538074385.05632
50777.916666666664	12416988842.16614
50842.083333333336	3541083965.202235
50905.833333333336	3166123194.7161746
50970.0	6042230606.913151
51034.166666666664	7784417545.639556
51100.0	8463315313.665726
51164.166666666664	5776565970.972562
51227.916666666664	4108144776.9072123
51292.083333333336	10070751906.250446
51355.833333333336	6130507494.987593
51420.0	5123081759.167199
51484.166666666664	6300641593.27731
51547.916666666664	7811739923.611264
51612.083333333336	6632668780.219111
51675.833333333336	6016531789.234151
51740.0	4695315934.361429
51804.166666666664	3151174074.248821
51867.916666666664	9219219281.80616
51932.083333333336	10928306063.504066
51995.833333333336	6278692478.9284725
52060.0	6293637804.178054
52124.166666666664	13602406021.13002
52187.916666666664	2307164424.932384
52252.083333333336	6111914911.947645
52315.833333333336	3436136523.09395
52380.0	6368659989.215918
52444.166666666664	12885966594.749763
52507.916666666664	7174863905.876193
52572.083333333336	12118732329.539253
52635.833333333336	6800132225.321723
52700.0	11856481587.060259
52764.166666666664	6459449517.597819
52827.916666666664	13801771184.088459
52892.083333333336	5174426054.282212
52955.833333333336	10240226258.693727
53020.0	6520407359.349053
53084.166666666664	4327404879.394203
53147.916666666664	13662346948.169199
53212.083333333336	9271144298.625906
53275.833333333336	7464523032.188884
53340.0	5696525991.700376
53404.166666666664	9942902266.005524
53467.916666666664	11537044844.151981
53532.083333333336	11112792233.209465
53595.833333333336	2688748364.8273835
53660.0	1340161980.9188108
53724.166666666664	1468157725.49971
53787.916666666664	13466851346.213072
53852.083333333336	2184194168.193902
53915.833333333336	8685378239.904003
53980.0	12359319626.103529
54044.166666666664	5729178096.168874
54107.916666666664	6783752067.087331
54172.083333333336	11435559839.73097
54235.833333333336	4700533005.613574
54300.0	6830902947.889484
54364.166666666664	3877808667.1219234
54427.916666666664	11355082420.638653
54492.083333333336	12104788356.61103
54555.833333333336	3837246215.3819633
54620.0	538545778.8741484
54684.166666666664	1584644184.5625038
54750.0	5923514247.7712965
54814.166666666664	6958117069.342513
54877.916666666664	6827859558.488136
54942.083333333336	11714500027.07175
55005.833333333336	9712187906.038597
55070.0	11318780619.684143
55134.166666666664	7038097240.893597
55197.916666666664	7054154020.46482
55262.083333333336	11908250675.828835
55325.833333333336	7086380465.706634
55390.0	7102495954.181585
55454.166666666664	1161512560.8711557
55517.916666666664	10658835389.388153
55582.083333333336	9240022479.559656
55645.833333333336	7167311227.650085
55710.0	13172184840.877968
55774.166666666664	1844321045.6739445
55837.916666666664	10814059582.225687
55902.083333333336	7232477210.230151
55965.833333333336	6304108195.614616
56030.0	536930778.173975
56094.166666666664	13171682076.288538
56157.916666666664	925366060.0926485
56222.083333333336	5508457240.812393
56285.833333333336	1660862300.7991066
56350.0	7347471479.5573225
56414.166666666664	2880572295.335354
56477.916666666664	3039311764.6561775
56542.083333333336	5484516761.672337
56605.833333333336	10627564246.47792
56670.0	3133004417.5817823
56734.166666666664	7446945156.661197
56797.916666666664	2311665583.116087
56862.083333333336	9635638804.804611
56925.833333333336	14576606791.402763
56990.0	7513739564.077684
57054.166666666664	7272446409.737362
57117.916666666664	7547312693.865682
57182.083333333336	4476181481.738823
57245.833333333336	7580940186.726562
57310.0	177845623.52602863
57374.166666666664	3390881960.3416257
57437.916666666664	13636641584.44077
57502.083333333336	8268184255.428954
57565.833333333336	7882816982.449109
57630.0	8334841962.577637
57694.166666666664	10175936397.56188
57757.916666666664	7538424297.086084
57822.083333333336	5680100881.939738
57885.833333333336	7750575568.524966
57950.0	8997342501.81438
58014.166666666664	7784805607.923234
58077.916666666664	7801968856.098973
58142.083333333336	9015903934.840052
58205.833333333336	13168114272.889275
58270.0	879722191.6126032
58334.166666666664	2585751821.6722755
58400.0	5867831728.174321
58464.166666666664	7402282061.116487
58527.916666666664	15326680938.418625
58592.083333333336	12585508003.715683
58655.833333333336	3914576627.2304177
58720.0	7825849947.330488
58784.166666666664	7992724894.103093
58847.916666666664	1841551225.9511538
58912.083333333336	894642688.1501207
58975.833333333336	8045095430.211752
59040.0	5915122022.669149
59104.166666666664	5887265878.928465
59167.916666666664	12219336235.977612
59232.083333333336	7555135496.102537
59295.833333333336	10949210254.161287
59360.0	10990380165.50334
59424.166666666664	14499402281.910381
59487.916666666664	6894997147.68456
59552.083333333336	8203586292.146729
59615.833333333336	2599604277.15267
59680.0	4652018141.580893
59744.166666666664	7949579578.073263
59807.916666666664	2939890170.7481756
59872.083333333336	8292541987.1521435
59935.833333333336	8426834379.062339
60000.0	13231616163.526783
60064.166666666664	976399023.1586084
60127.916666666664	4535958982.511421
60192.083333333336	13925492517.146616
60255.833333333336	2201789730.2296047
60320.0	8418101329.100719
60384.166666666664	5707511602.014332
60447.916666666664	10850344802.308336
60512.083333333336	9316435971.14088
60575.833333333336	8490442767.490868
60640.0	11468278962.772362
60704.166666666664	2102526202.5432768
60767.916666666664	15026750661.91801
60832.083333333336	2960104508.3217382
60895.833333333336	8581331275.762028
60960.0	4296146493.694608
61024.166666666664	8617882744.213179
61087.916666666664	11429293202.592163
61152.083333333336	5891001452.924381
61215.833333333336	8672893411.1512
61280.0	6353169973.067123
61344.166666666664	12983257149.747576
61407.916666666664	2196919816.7976837
61472.083333333336	4676433356.63962
61535.833333333336	2444120121.924365
61600.0	8783639412.258125
61664.166666666664	2385170822.5139656
61727.916666666664	9564536717.506186
61792.083333333336	16178651078.943966
61855.833333333336	8857958720.879103
61920.0	12180454586.51488
61984.166666666664	3070328464.732238
62050.0	2773569539.902053
62114.166666666664	8933289162.762125
62177.916666666664	8952021015.18825
62242.083333333336	8970745121.294352
62305.833333333336	7506152076.199353
62370.0	9008429301.392323
62434.166666666664	9027215247.907803
62497.916666666664	9046167635.508747
62562.083333333336	9065023179.77234
62625.833333333336	11306151084.2239
62690.0	2864516303.465434
62754.166666666664	8461518421.755449
62817.916666666664	12795914854.931673
62882.083333333336	15588135133.873642
62945.833333333336	5740642623.692425
63010.0	14388858512.736301
63074.166666666664	3129712368.178479
63137.916666666664	11408435261.523592
63202.083333333336	5512249819.885868
63265.833333333336	11340037445.89802
63330.0	12608890406.157133
63394.166666666664	1966872607.0683575
63457.916666666664	4997201287.072479
63522.083333333336	13166680283.737417
63585.833333333336	9370972389.86323
63650.0	9390355000.847994
63714.166666666664	9409722821.652914
63777.916666666664	16383201339.01654
63842.083333333336	8103468655.8978
63905.833333333336	9467923345.310747
63970.0	9487419364.758165
64034.166666666664	10887987431.518421
64097.916666666664	14096643914.24528
64162.083333333336	16909564488.577198
64225.833333333336	8754483030.146805
64290.0	5571977610.2228985
64354.166666666664	11568817330.543962
64417.916666666664	13680630431.975012
64482.083333333336	3775986593.737604
64545.833333333336	9903407284.397482
64610.0	12825141770.383091
64674.166666666664	12688166362.473436
64737.916666666664	8335778603.888586
64802.083333333336	9742966394.598759
64865.833333333336	15581887482.030302
64930.0	11064863731.975197
64994.166666666664	15913910697.96252
65057.916666666664	2436135410.8055553
65122.083333333336	9842499020.125492
65185.833333333336	9862420151.365362
65250.0	9882422086.53967
65314.166666666664	14796079843.97745
65377.916666666664	2557546698.354928
65442.083333333336	9942599002.681921
65505.833333333336	9962714518.016296
65570.0	3380600188.6657495
65634.16666666667	10002975697.470459
65700.0	16788074244.99421
65764.16666666667	13479872887.456211
65827.91666666667	14332205125.941793
65892.08333333333	8672792449.914932
65955.83333333333	11351896767.426832
66020.0	11739781074.997688
66084.16666666667	12666776182.555672
66147.91666666667	2781656509.94538
66212.08333333333	10186245346.773996
66275.83333333333	3451338123.4945574
66340.0	10227213301.290592
66404.16666666667	4086141393.729415
66467.91666666667	10268172253.048319
66532.08333333333	10288718132.658764
66595.83333333333	10309346398.795336
66660.0	10519799643.952
66724.16666666667	14962145809.270405
66787.91666666667	10371152618.639013
66852.08333333333	13984199039.324972
66915.83333333333	10412575964.333384
66980.0	6526763136.275383
67044.16666666667	5850431742.623887
67107.91666666667	10474922508.092813
67172.08333333333	11764346539.265318
67235.83333333333	6702355033.539421
67300.0	12402596863.443428
67364.16666666667	15773841536.339422
67427.91666666667	10579226417.396578
67492.08333333333	10600192082.506224
67555.83333333333	10307150272.570602
67620.0	9345586952.025013
67684.16666666667	12614856729.13128
67747.91666666667	10684279062.370667
67812.08333333333	7287665602.495914
67875.83333333333	13528358793.314651
67940.0	15878900618.641918
68004.16666666667	10768713869.021435
68067.91666666667	16771762871.814816
68132.08333333333	8876458320.347193
68195.83333333333	16522416285.523312
68260.0	10853734327.444593
68324.16666666667	3458368138.8529034
68387.91666666667	7986879458.622984
68452.08333333333	11837477286.693459
68515.83333333333	10139360469.597265
68580.0	13669877837.176186
68644.16666666667	11371996726.128578
68707.91666666667	11003486141.780125
68772.08333333333	7437945211.68367
68835.83333333333	4799631872.381153
68900.0	11068129398.297575
68964.16666666667	8427170973.26111
69027.91666666667	16833047046.517014
69092.08333333333	12491903257.370613
69155.83333333333	9091157942.578753
69220.0	18468110853.115475
69284.16666666667	11198104543.79688
69350.0	3895129730.5508404
69414.16666666667	12679729490.22082
69477.91666666667	11264107290.094358
69542.08333333333	11158302046.810759
69605.83333333333	14159301887.95885
69670.0	8673540395.505678
69734.16666666667	11351622979.509762
69797.91666666667	17897462693.925053
69862.08333333333	7657042373.869192
69925.83333333333	17591622355.24368
69990.0	9660832312.499756
70054.16666666667	11461642896.565886
70117.91666666667	9320876287.312777
70182.08333333333	5965558312.156034
70245.83333333333	11527941943.221523
70310.0	11550116839.921648
70374.16666666667	11888631719.899767
70437.91666666667	10377909951.918955
70502.08333333333	7204843375.051809
70565.83333333333	15015961362.508564
70630.0	14695503136.62254
70694.16666666667	11225763404.21772
70757.91666666667	11706289807.356188
70822.08333333333	13869242608.286095
70885.83333333333	11751074668.805275
70950.0	7734347962.248474
71014.16666666667	11796054003.77757
71077.91666666667	9156273411.95002
71142.08333333333	12967002399.399855
71205.83333333333	11863718655.993658
71270.0	13836116337.884392
71334.16666666667	14011696487.104662
71397.91666666667	16498232002.550673
71462.08333333333	6780810047.7676935
71525.83333333333	11977001619.4686
71590.0	11999856429.866894
71654.16666666667	12022488016.793646
71717.91666666667	6056830772.383499
71782.08333333333	7660621761.586575
71845.83333333333	15574917220.902372
71910.0	12114032186.755434
71974.16666666667	12136938628.43194
72037.91666666667	13585157283.101025
72102.08333333333	13696760473.063765
72165.83333333333	12206020601.50358
72230.0	9096962596.776768
72294.16666666667	19102673296.90648
72357.91666666667	7849942922.880531
72422.08333333333	8096382922.035345
72485.83333333333	12321562009.744572
72550.0	11572637277.41517
72614.16666666667	12367900291.61136
72677.91666666667	19237581922.601425
72742.08333333333	12727555087.942587
72805.83333333333	12437815588.336536
72870.0	16383493713.519741
72934.16666666667	12484364174.489885
73000.0	16884161210.805557
