t(days)	RNP(psia2/cp-D/Mscf)
0.25	20102427.611030463
0.33040833333333336	36420002.673301324
0.4861958333333333	2608864.801773951
0.7977666666666666	127554502.22244018
1.4209083333333332	4695343.309827343
2.667195833333333	220451101.70548627
5.07725	1878971.9904500805
9.897375	43937434.83295921
19.198041666666665	170321778.0721949
35.644875	23346507.916668877
66.05958333333334	135307210.12044472
124.99208333333333	43905558.85044351
188.99208333333334	230650484.03684968
252.99208333333334	64572087.22804955
316.99208333333337	12582752.901589535
380.9920833333333	4427179.787683874
444.9916666666666	270633766.5109671
508.9916666666666	277232303.14498127
572.9916666666667	101258347.81375523
636.9916666666667	369777292.7597034
700.9916666666667	104660708.04705466
764.9916666666667	118240033.64701241
828.9916666666667	123399247.01200272
892.9916666666667	128356932.61397581
956.9916666666667	239442952.26581952
1020.9916666666667	156275172.38669345
1084.9916666666666	16331569.598371074
1148.9916666666666	274729494.81348836
1212.9916666666666	341481888.9761139
1276.9916666666666	154882014.1625986
1340.9916666666666	178538527.81659076
1404.9916666666668	127593046.28695819
1468.9916666666668	98472312.75986509
1532.9916666666668	323788200.55061257
1596.9916666666668	133388853.11652288
1660.9916666666668	177620684.920044
1724.9916666666668	86971139.69931622
1788.9916666666668	274655960.7912147
1852.9916666666668	188037042.8047953
1916.9916666666668	304993137.4795905
1980.9916666666668	224619132.30432457
2044.9916666666668	38403642.900566965
2108.991666666667	140423599.2352643
2172.991666666667	91136584.57844664
2236.991666666667	78336524.22790918
2300.991666666667	432286564.5429044
2364.991666666667	461974409.03276545
2428.991666666667	216796576.90959513
2492.991666666667	179827803.8853368
2556.991666666667	150381848.06058815
2620.991666666667	225804125.6869851
2684.991666666667	34196870.028484285
2748.991666666667	48533458.774427414
2812.991666666667	234616843.6766543
2876.991666666667	415342128.2707573
2940.991666666667	438027963.913455
3004.991666666667	398655444.8627301
3068.991666666667	138095616.96463567
3132.991666666667	75569822.91871676
3196.991666666667	29765713.71396202
3260.991666666667	449659842.4290422
3324.991666666667	276810994.36774635
3388.991666666667	159367788.55067366
3452.991666666667	355244163.0554975
3516.991666666667	265897436.10927528
3580.991666666667	268694764.6189113
3650.0	455723957.7858019
3714.0	274494884.3100728
3778.0	166613372.86260203
3842.0	520172187.82610226
3906.0	501467431.34421164
3970.0	455669854.7945917
4034.0	288424511.00431275
4098.0	291210423.4233365
4162.0	293997733.4407506
4226.0	296785908.07292485
4290.0	299576357.2538301
4354.0	302369668.98874485
4418.0	305165523.374914
4482.0	307964641.9676603
4546.0	310766807.18971515
4610.0	313573941.2485879
4674.0	316384920.3660676
4738.0	319200765.7977119
4802.0	322021495.22140443
4866.0	324847162.104427
4930.0	327677857.4098492
4994.0	330514885.0612758
5058.0	333357283.00328684
5122.0	336206480.25779885
5186.0	339060327.52895206
5250.0	341921580.3480016
5314.0	344790655.7024004
5378.0	347665424.54176015
5442.0	350547599.16987944
5506.0	353436347.3857875
5570.0	356334897.29313457
5634.0	359238392.2972292
5698.0	362150131.0718024
5762.0	365070788.2935507
5826.0	367999646.0533107
5890.0	370934479.3843298
5954.0	373880449.78449535
6018.0	376832388.5205003
6082.0	379794111.82235944
6146.0	382763401.0183122
6210.0	385742709.46892184
6274.0	388728167.0547055
6338.0	391725570.14173484
6402.0	394731047.9447139
6466.0	397743901.4863828
6530.0	400766857.2159577
6594.0	403799320.9293648
6658.0	406840674.9565253
6722.0	409893888.2770246
6786.0	412952960.76070493
6850.0	416022700.89089435
6914.0	419102560.3952134
6978.0	422191969.318306
7042.0	425290335.70223016
7106.0	428399017.1894345
7170.0	431517463.2993539
7234.0	434645102.3892468
7300.0	437882267.2112007
7364.0	441030036.2245989
7428.0	444187347.2013509
7492.0	447357933.14076734
7556.0	450534846.66372013
7620.0	453724022.9539432
7684.0	456922776.4247508
7748.0	460132826.8299062
7812.0	463351387.9400018
7876.0	466582543.2489166
7940.0	469823501.2716356
8004.0	473073726.3737058
8068.0	476332663.6456929
8132.0	479607153.0831864
8196.0	482889389.4954453
8260.0	486181301.1774782
8324.0	489484934.54440796
8388.0	492799847.9522006
8452.0	496125582.96100944
8516.0	499461664.078591
8580.0	502807598.51110023
8644.0	506165628.72217983
8708.0	509532547.25745326
8772.0	512910635.6674675
8836.0	516302307.1107868
8900.0	519704305.7616323
8964.0	523116148.725815
9028.0	526537336.2699547
9092.0	529973387.2651337
9156.0	533417889.27202654
9220.0	536873389.7747666
9284.0	540342578.955218
9348.0	543821938.0881422
9412.0	547310989.6818249
9476.0	550812499.9077023
9540.0	554322782.1915964
9604.0	557847998.2522142
9668.0	561381088.2904247
9732.0	564928353.2492726
9796.0	568486006.0739983
9860.0	572057104.389277
9924.0	575637746.4538482
9988.0	579227444.0617919
10052.0	582829343.1133891
10116.0	586446755.120665
10180.0	590071937.9455806
10244.0	593711917.5575542
10308.0	597358740.4808966
10372.0	601019589.4455041
10436.0	604694153.0511243
10500.0	608378131.0263083
10564.0	612075067.6356385
10628.0	615780539.2607211
10692.0	619502283.0164121
10756.0	623231725.4235784
10820.0	626976775.3358526
10884.0	630728633.8644519
10950.0	634616525.0717988
11014.0	638394963.0927631
11078.0	642183212.8202795
11142.0	645985302.583427
11206.0	649800922.1968096
11270.0	653629750.0818508
11334.0	657466808.5477659
11398.0	661316288.0640403
11462.0	665182584.4392682
11526.0	669055874.5446253
11590.0	672940474.786553
11654.0	676840912.2831342
11718.0	680751971.125579
11782.0	684673232.2865283
11846.0	688609358.6996111
11910.0	692554927.4805757
11974.0	696514694.3198324
12038.0	700488367.6872941
12102.0	704470313.1743633
12166.0	708465429.05734
12230.0	712478844.385619
12294.0	716499376.2993544
12358.0	720532070.5159533
12422.0	724576568.4243668
12486.0	728632499.9561946
12550.0	732705251.7233602
12614.0	736788790.8643633
12678.0	740882713.6157033
12742.0	744992567.5346774
12806.0	749112093.4031283
12870.0	753240852.4219575
12934.0	757390720.2389662
12998.0	761542945.7369541
13062.0	765715749.4644386
13126.0	769896319.5440717
13190.0	774097034.7201585
13254.0	778304787.4594803
13318.0	782519056.3362199
13382.0	786752607.7331833
13446.0	790998601.7831283
13510.0	795263492.1336807
13574.0	799533409.0838422
13638.0	803814712.479204
13702.0	808114045.3108444
13766.0	812424156.1864265
13830.0	816744651.1198105
13894.0	821082368.6317128
13958.0	825429802.1729325
14022.0	829793923.7197276
14086.0	834167053.4220471
14150.0	838556298.7386442
14214.0	842953803.443602
14278.0	847366812.5025461
14342.0	851787290.2731425
14406.0	856230498.3983426
14470.0	860680505.7049489
14534.0	865144840.2949018
14600.0	869761382.3935541
14664.0	874254964.3458767
14728.0	878762028.9340445
14792.0	883273889.705745
14856.0	887806912.882684
14920.0	892352478.8287741
14984.0	896910255.5186585
15048.0	901479901.2447056
15112.0	906069885.3599627
15176.0	910662294.3679515
15240.0	915274489.692724
15304.0	919897270.8838698
15368.0	924530248.089291
15432.0	929182297.6987975
15496.0	933843918.850573
15560.0	938520370.6538167
15624.0	943210437.7212949
15688.0	947913823.622502
15752.0	952630223.1007174
15816.0	957360306.7472645
15880.0	962104775.2314781
15944.0	966862351.0864346
16008.0	971633737.4711822
16072.0	976416595.512315
16136.0	981213669.3994055
16200.0	986023637.1480614
16264.0	990848292.1133729
16328.0	995687370.9186485
16392.0	1000539526.4907321
16456.0	1005405533.847665
16520.0	1010285104.8325447
16584.0	1015179050.2246954
16648.0	1020084861.0479568
16712.0	1025004449.2017521
16776.0	1029937525.0032606
16840.0	1034884941.1825398
16904.0	1039845262.6872795
16968.0	1044820520.6764991
17032.0	1049810459.1614194
17096.0	1054813618.9443741
17160.0	1059830901.1656772
17224.0	1064860807.7317902
17288.0	1069904246.1144958
17352.0	1074963403.3546624
17416.0	1080035538.8754299
17480.0	1085120340.5007014
17544.0	1090220041.8003585
17608.0	1095333096.5937655
17672.0	1100459203.9398234
17736.0	1105601994.8230596
17800.0	1110759936.6553762
17864.0	1115930102.5695693
17928.0	1121114860.5667226
17992.0	1126311218.3057308
18056.0	1131521577.4536808
18120.0	1136745655.9290597
18184.0	1141984565.1119246
18250.0	1147404941.2969117
18314.0	1152674263.8861942
18378.0	1157959069.8523357
18442.0	1163256209.5043695
18506.0	1168566821.2841928
18570.0	1173892088.9018407
18634.0	1179231748.066553
18698.0	1184585527.1137567
18762.0	1189953146.9157217
18826.0	1195335856.0147114
18890.0	1200733401.7678158
18954.0	1206145524.3958514
19018.0	1211570379.6848714
19082.0	1217009242.140864
19146.0	1222463435.445184
19210.0	1227931093.1935768
19274.0	1233413553.2078488
19338.0	1238910554.8613412
19402.0	1244421830.3960402
19466.0	1249948783.547474
19530.0	1255492870.422294
19594.0	1261048765.8346994
19658.0	1266619575.7743
19722.0	1272205041.8748465
19786.0	1277803144.39766
19850.0	1283415334.353845
19914.0	1289043117.1542153
19978.0	1294684451.5539136
20042.0	1300342676.9294183
20106.0	1306013921.5688026
20170.0	1311699725.6570098
20234.0	1317399821.4264634
20298.0	1323115815.0958917
20362.0	1328847473.7878299
20426.0	1334592644.363699
20490.0	1340352961.5376978
20554.0	1346130119.3746
20618.0	1351919981.0060143
20682.0	1357724210.2926645
20746.0	1363542533.885833
20810.0	1369374671.477047
20874.0	1375222367.7842643
20938.0	1381085380.4253027
21002.0	1386963460.526542
21066.0	1392858437.1618433
21130.0	1398767999.1764667
21194.0	1404691878.1218488
21258.0	1410631936.8086393
21322.0	1416583635.0995607
21386.0	1422553152.7137375
21450.0	1428535918.1893687
21514.0	1434531629.0767553
21578.0	1440544435.1397543
21642.0	1446571883.2916212
21706.0	1452613706.5327203
21770.0	1458671917.3662734
21834.0	1464746292.6292598
21900.0	1471027232.8947997
21964.0	1477130140.6413665
22028.0	1483250803.374254
22092.0	1489384264.4254825
22156.0	1495535016.4691732
22220.0	1501698011.7303655
22284.0	1507877808.9022064
22348.0	1514071730.9053333
22412.0	1520281980.577906
22476.0	1526508331.8474085
22540.0	1532748028.425262
22604.0	1539003315.2165334
22668.0	1545276513.3517296
22732.0	1551564848.2672935
22796.0	1557868063.4197662
22860.0	1564185895.967164
22924.0	1570518076.7020974
22988.0	1576864329.985508
23052.0	1583224373.6810756
23116.0	1589603349.0649652
23180.0	1595998355.1987956
23244.0	1602409156.9272044
23308.0	1608835513.1610458
23372.0	1615277176.8116546
23436.0	1621733894.725551
23500.0	1628205407.6196253
23564.0	1634691450.0168555
23628.0	1641194644.2668147
23692.0	1647714781.405823
23756.0	1654248706.642339
23820.0	1660796129.93056
23884.0	1667362728.9232895
23948.0	1673942320.7282968
24012.0	1680540665.4364808
24076.0	1687151474.053721
24140.0	1693777507.5417604
24204.0	1700421616.9024096
24268.0	1707080482.4009745
24332.0	1713753836.6598473
24396.0	1720441406.1638973
24460.0	1727146116.3559756
24524.0	1733867756.2182412
24588.0	1740609364.6558914
24652.0	1747364234.4747403
24716.0	1754135368.4489157
24780.0	1760922533.610417
24844.0	1767722133.8171234
24908.0	1774540613.8822403
24972.0	1781374391.9994764
25036.0	1788223212.2877047
25100.0	1795086812.9898732
25164.0	1801964926.4149287
25228.0	1808860794.494387
25292.0	1815774218.2293003
25356.0	1822701423.862343
25420.0	1829642120.3318539
25484.0	1836603258.899468
25550.0	1843796535.5527773
25614.0	1850788710.377629
25678.0	1857797034.6290512
25742.0	1864825007.702265
25806.0	1871864942.1746178
25870.0	1878924091.461428
25934.0	1885998465.6712399
25998.0	1893087805.7316523
26062.0	1900195726.4216225
26126.0	1907314227.017773
26190.0	1914450819.7054086
26254.0	1921601342.9659007
26318.0	1928773503.2506511
26382.0	1935959131.6008306
26446.0	1943161986.0615635
26510.0	1950381852.0706694
26574.0	1957618509.9249437
26638.0	1964867586.5299323
26702.0	1972141296.324491
26766.0	1979422749.3886387
26830.0	1986724241.7549632
26894.0	1994041348.256834
26958.0	2001373817.2114995
27022.0	2008721391.420433
27086.0	2016088175.3854158
27150.0	2023469597.5094008
27214.0	2030865384.2750797
27278.0	2038279720.3823106
27342.0	2045716915.1796057
27406.0	2053163287.0225756
27470.0	2060627566.5915651
27534.0	2068109551.8318985
27598.0	2075604406.8975472
27662.0	2083116481.7752914
27726.0	2090650255.3940992
27790.0	2098196146.8179688
27854.0	2105758591.1575634
27918.0	2113337355.9102945
27982.0	2120937036.7491615
28046.0	2128547758.9087274
28110.0	2136178976.0997021
28174.0	2143825602.1690476
28238.0	2151487378.9401026
28302.0	2159169051.98552
28366.0	2166865414.653448
28430.0	2174581273.9207
28494.0	2182311341.7356935
28558.0	2190055333.6017003
28622.0	2197818149.462638
28686.0	2205594376.969144
28750.0	2213394242.929687
28814.0	2221207061.5960345
28878.0	2229037860.106977
28942.0	2236886434.0541606
29006.0	2244747160.21535
29070.0	2252630614.880546
29134.0	2260531203.1692877
29200.0	2268692005.4213963
29264.0	2276627890.666813
29328.0	2284580233.8936095
29392.0	2292543149.6748414
29456.0	2300527649.543567
29520.0	2308527877.159329
29584.0	2316543579.0035534
29648.0	2324580302.4288573
29712.0	2332632058.0567093
29776.0	2340698577.377731
29840.0	2348785514.1605124
29904.0	2356886743.5602517
29968.0	2365001981.668559
30032.0	2373136990.2698927
30096.0	2381291599.4239197
30160.0	2389459500.345433
30224.0	2397640388.3949547
30288.0	2405846391.4613657
30352.0	2414064925.63256
30416.0	2422308279.5073814
30480.0	2430570037.695368
30544.0	2438843608.5784235
30608.0	2447141525.1473665
30672.0	2455450751.8977146
30736.0	2463777464.696538
30800.0	2472121443.9236565
30864.0	2480482465.310032
30928.0	2488860299.8944936
30992.0	2497254713.9807196
31056.0	2505658723.2433043
31120.0	2514092321.941172
31184.0	2522535024.3636627
31248.0	2531000206.2554464
31312.0	2539480819.0216036
31376.0	2547976600.3795733
31440.0	2556487283.0166116
31504.0	2565019663.776648
31568.0	2573566490.2762895
31632.0	2582141808.376651
31696.0	2590723982.2850513
31760.0	2599327096.3908877
31824.0	2607950998.3888946
31888.0	2616595532.188272
31952.0	2625245727.5626245
32016.0	2633923489.0166874
32080.0	2642613788.215517
32144.0	2651323856.99282
32208.0	2660045915.296806
32272.0	2668794937.227181
32336.0	2677555481.2655253
32400.0	2686327206.1007466
32464.0	2695125373.8323975
32528.0	2703942082.638136
32592.0	2712769222.4671984
32656.0	2721622348.680114
32720.0	2730493394.0556383
32784.0	2739374079.7415924
32850.0	2748564329.8053417
32914.0	2757481444.9169865
32978.0	2766423715.3015714
33042.0	2775382790.1355233
33106.0	2784358431.168784
33170.0	2793350395.5605373
33234.0	2802358435.841061
33298.0	2811390792.3214264
33362.0	2820430277.965133
33426.0	2829493671.3740325
33490.0	2838580872.0546503
33554.0	2847674350.1731696
33618.0	2856791201.667505
33682.0	2865931314.859494
33746.0	2875085693.2388654
33810.0	2884262986.80135
33874.0	2893454077.785107
33938.0	2902658668.533934
34002.0	2911885566.7481585
34066.0	2921125469.914681
34130.0	2930387292.410144
34194.0	2939661607.2142973
34258.0	2948966780.346217
34322.0	2958274630.15577
34386.0	2967613035.1065516
34450.0	2976962972.06004
34514.0	2986333682.5820036
34578.0	2995725001.509766
34642.0	3005127056.7093196
34706.0	3014559021.176956
34770.0	3024001250.427418
34834.0	3033463266.6602993
34898.0	3042944884.9583344
34962.0	3052435905.33398
35026.0	3061956094.9615784
35090.0	3071485171.6897235
35154.0	3081032945.162416
35218.0	3090609472.911155
35282.0	3100194082.8765798
35346.0	3109807152.026031
35410.0	3119427744.9482884
35474.0	3129076486.775418
35538.0	3138732176.0557346
35602.0	3148415688.4930263
35666.0	3158116270.2546535
35730.0	3167844465.8487945
35794.0	3177578534.437414
35858.0	3187328945.797919
35922.0	3197106431.485598
35986.0	3206899888.166601
36050.0	3216709056.875999
36114.0	3226544859.920425
36178.0	3236384726.118399
36242.0	3246250823.491001
36306.0	3256143082.0075235
36370.0	3266038506.3413596
36434.0	3275959664.919787
36500.0	3286219739.432109
36564.0	3296170680.535798
36628.0	3306146835.2038026
36692.0	3316148113.1493587
36756.0	3326162534.153577
36820.0	3336189786.873307
36884.0	3346241586.1678863
36948.0	3356305724.6862454
37012.0	3366394053.6991625
37076.0	3376506462.5979867
37140.0	3386630514.506292
37204.0	3396778268.2980156
37268.0	3406949603.347463
37332.0	3417144396.01869
37396.0	3427349898.1552067
37460.0	3437578450.495477
37524.0	3447817146.322661
37588.0	3458091317.564527
37652.0	3468362276.2403026
37716.0	3478655421.8693924
37780.0	3488970605.291941
37844.0	3499307674.0788164
37908.0	3509653237.5653195
37972.0	3520033528.154487
38036.0	3530421834.4601226
38100.0	3540831224.4159017
38164.0	3551247977.0907927
38228.0	3561698939.730074
38292.0	3572170463.934837
38356.0	3582662368.807391
38420.0	3593160597.6551776
38484.0	3603678671.912145
38548.0	3614230434.058796
38612.0	3624787699.1421776
38676.0	3635378420.630545
38740.0	3645974077.51118
38804.0	3656602946.0526333
38868.0	3667250616.0467734
38932.0	3677902339.228244
38996.0	3688586881.8080616
39060.0	3699289572.0147486
39124.0	3709995395.2533526
39188.0	3720733614.4210253
39252.0	3731489292.406077
39316.0	3742262191.8224297
39380.0	3753067205.5908933
39444.0	3763873906.944391
39508.0	3774697093.8102646
39572.0	3785551910.044728
39636.0	3796422877.5083375
39700.0	3807325310.5721292
39764.0	3818227883.553489
39828.0	3829161567.72766
39892.0	3840110515.856638
39956.0	3851090386.6994653
40020.0	2308680685.7387934
40084.0	9410805064.322077
40150.0	1252507110.5486512
40214.0	3895498270.706217
40278.0	11154310888.609077
40342.0	8723236516.793007
40406.0	3928764737.008044
40470.0	4653232963.533347
40534.0	3951030594.7751575
40598.0	3962199395.659517
40662.0	8604918018.679403
40726.0	4582051631.458305
40790.0	1754649409.8640046
40854.0	10851212129.034742
40918.0	10351439125.546066
40982.0	8690405472.632656
41046.0	3190727858.2282867
41110.0	2910793707.22084
41174.0	2733109715.560954
41238.0	4507627109.710473
41302.0	7546486562.979071
41366.0	6992473329.262012
41430.0	2659564416.7704477
41494.0	4120570890.90012
41558.0	10316571101.921171
41622.0	1754378511.3649812
41685.833333333336	8577939163.106298
41750.0	11305504439.456043
41814.166666666664	4178062582.910811
41877.916666666664	4189629494.713074
41942.083333333336	5878254795.301923
42005.833333333336	4212823034.7820315
42070.0	4224430082.855058
42134.166666666664	4236081985.753965
42197.916666666664	4247740182.0324893
42262.083333333336	10999775067.185852
42325.833333333336	5855665430.524012
42390.0	9887699118.340744
42454.166666666664	9626199133.844995
42517.916666666664	11749500121.901463
42582.083333333336	4318097677.6009655
42645.833333333336	4329910139.495717
42710.0	4645758505.520504
42774.166666666664	5609604635.779007
42837.916666666664	6501944900.171863
42902.083333333336	4377319252.575259
42965.833333333336	3892068485.370186
43030.0	11228824782.531693
43094.166666666664	9862466450.792715
43157.916666666664	10594075492.699692
43222.083333333336	853441790.6376867
43285.833333333336	4449029187.890715
43350.0	4461056645.803498
43414.166666666664	7325751926.178919
43477.916666666664	7963068445.277809
43542.083333333336	10081475304.938112
43605.833333333336	4509365018.237367
43670.0	807534850.8669796
43734.166666666664	2973550879.978876
43800.0	109589859.13688564
43864.166666666664	11846169969.355766
43927.916666666664	4570574109.867241
43992.083333333336	232317670.28819752
44055.833333333336	4595035473.003626
44120.0	11522941591.417912
44184.166666666664	1128159580.6723971
44247.916666666664	10282802499.500538
44312.083333333336	6161375968.236623
44375.833333333336	3430641669.922261
44440.0	4132497291.985086
44504.166666666664	10375878580.421486
44567.916666666664	6095790768.389261
44632.083333333336	4706146099.068812
44695.833333333336	4718601018.272391
44760.0	4731097986.691913
44824.166666666664	4743588793.349915
44887.916666666664	4194679624.454469
44952.083333333336	9503900088.63014
45015.833333333336	8899182682.18082
45080.0	609944380.5180416
45144.166666666664	2074357817.8605714
45207.916666666664	4819017578.025405
45272.083333333336	7101903699.75242
45335.833333333336	7827472104.206652
45400.0	4018492140.1042356
45464.166666666664	1678693397.9682698
45527.916666666664	4882421047.119674
45592.083333333336	8000583747.899429
45655.833333333336	4556541421.374705
45720.0	5794652489.022923
45784.166666666664	4522832503.587219
45847.916666666664	4336521357.2349615
45912.083333333336	4959193827.730691
45975.833333333336	9600714113.875587
46040.0	4984932485.158415
46104.166666666664	10989715593.166414
46167.916666666664	605534648.4311371
46232.083333333336	5407717678.391147
46295.833333333336	4787848263.471916
46360.0	7058206317.414352
46424.166666666664	6265555660.278433
46487.916666666664	2278400776.1171255
46552.083333333336	12015024897.261677
46615.833333333336	363104453.02659035
46680.0	4648709540.976584
46744.166666666664	11648290568.875095
46807.916666666664	8494006922.3668785
46872.083333333336	8575011151.779738
46935.833333333336	5167609825.787867
47000.0	5180813417.968118
47064.166666666664	5194026680.901669
47127.916666666664	4666311318.11298
47192.083333333336	6561014632.591265
47255.833333333336	9556576319.300327
47320.0	4925692630.528842
47384.166666666664	12260065247.947506
47450.0	1809496078.597713
47514.166666666664	6822857615.71118
47577.916666666664	11102511226.849089
47642.083333333336	8467251771.909544
47705.833333333336	5327918943.709728
47770.0	8703011825.277254
47834.166666666664	11266354117.260643
47897.916666666664	11938868524.700596
47962.083333333336	7053718373.242263
48025.833333333336	5395469256.354039
48090.0	10385913503.553875
48154.166666666664	890617523.8085804
48217.916666666664	11398159856.724373
48282.083333333336	12183767440.073864
48345.833333333336	3123185987.6268067
48410.0	6537585393.210365
48474.166666666664	12940434421.223593
48537.916666666664	7152270169.334223
48602.083333333336	5518380025.638565
48665.833333333336	4921519491.221815
48730.0	12232834941.433956
48794.166666666664	2706453249.6534314
48857.916666666664	5573569113.472228
48922.083333333336	12063295875.26065
48985.833333333336	1252017837.1504068
49050.0	9031163077.745884
49114.166666666664	4654435662.208098
49177.916666666664	1921086217.5363135
49242.083333333336	8848031114.283596
49305.833333333336	5671004264.3515
49370.0	8031407177.47887
49434.166666666664	11012185431.206993
49497.916666666664	5713056313.381539
49562.083333333336	5727153857.97476
49625.833333333336	7961419592.767271
49690.0	5755345153.94253
49754.166666666664	5769473603.308122
49817.916666666664	1961659649.501398
49882.083333333336	5700341795.038953
49945.833333333336	4151621979.6121144
50010.0	9287311164.688473
50074.166666666664	5840472817.229964
50137.916666666664	11054761862.154442
50202.083333333336	10609072522.864656
50265.833333333336	9770919900.397642
50330.0	2910244492.0251985
50394.166666666664	5912039236.990843
50457.916666666664	2725597530.111791
50522.083333333336	521302095.12558174
50585.833333333336	12230864136.146774
50650.0	5599406948.529135
50714.166666666664	2580365284.242923
50777.916666666664	12062314965.091625
50842.083333333336	8888575896.049501
50905.833333333336	6027673278.179623
50970.0	3609898962.255316
51034.166666666664	6572387924.717514
51100.0	11100574630.349703
51164.166666666664	8896557984.803188
51227.916666666664	2465523836.339475
51292.083333333336	7533825656.998867
51355.833333333336	12011019465.777878
51420.0	6816789583.316468
51484.166666666664	6159965482.65942
51547.916666666664	6174759927.577501
51612.083333333336	11326925060.885567
51675.833333333336	4295976343.96452
51740.0	969975319.6193609
51804.166666666664	12922630932.151154
51867.916666666664	417500846.28613853
51932.083333333336	12679306889.52207
51995.833333333336	6278692478.9284725
52060.0	6293637804.178054
52124.166666666664	12612409579.655502
52187.916666666664	8453031658.316011
52252.083333333336	10519091909.122242
52315.833333333336	5296807671.033988
52380.0	6368659989.215918
52444.166666666664	83561374.70325089
52507.916666666664	4817347921.800842
52572.083333333336	3794716840.9132915
52635.833333333336	1520246400.5183582
52700.0	6444242709.568743
52764.166666666664	6155458635.606632
52827.916666666664	718213043.0046492
52892.083333333336	10556212924.746277
52955.833333333336	6505139859.538596
53020.0	4299434888.989658
53084.166666666664	6535700796.6464405
53147.916666666664	11588721449.281715
53212.083333333336	6302260100.585866
53275.833333333336	4619316687.911874
53340.0	6597131084.266966
53404.166666666664	12171534310.102314
53467.916666666664	13817979419.452175
53532.083333333336	4989422512.604364
53595.833333333336	323317088.8858309
53660.0	8877136738.222036
53724.166666666664	6690029722.061621
53787.916666666664	3941352139.3951645
53852.083333333336	6721191756.0521
53915.833333333336	6736759980.630367
53980.0	7471444242.428939
54044.166666666664	12602493599.586151
54107.916666666664	5541598801.732651
54172.083333333336	8414445904.806006
54235.833333333336	7468511874.245475
54300.0	5066775759.299253
54364.166666666664	11652131046.413515
54427.916666666664	2488564047.652149
54492.083333333336	6163734483.975916
54555.833333333336	2262833072.2361956
54620.0	5087867449.173464
54684.166666666664	6925806958.156632
54750.0	547013243.8146887
54814.166666666664	2959100915.143865
54877.916666666664	10820906192.32476
54942.083333333336	12204730723.184093
55005.833333333336	7390273030.040398
55070.0	7022060411.230253
55134.166666666664	7038097240.893597
55197.916666666664	12861952696.95974
55262.083333333336	7070230520.860908
55325.833333333336	1976356930.854166
55390.0	10753189450.700481
55454.166666666664	587275161.5180769
55517.916666666664	2181182455.768612
55582.083333333336	14019310252.832191
55645.833333333336	12741780363.61304
55710.0	14550416886.759403
55774.166666666664	12504763359.813148
55837.916666666664	7216158798.238765
55902.083333333336	7232477210.230151
55965.833333333336	2582381127.06571
56030.0	7766867869.74106
56094.166666666664	7281593434.605065
56157.916666666664	1332584545.8749437
56222.083333333336	4163159628.1850734
56285.833333333336	6772428627.654268
56350.0	8492679977.725912
56414.166666666664	7462304139.245979
56477.916666666664	3543199221.7643757
56542.083333333336	9958448928.321041
56605.833333333336	5755687172.633835
56670.0	1055012671.5361557
56734.166666666664	7446945156.661197
56797.916666666664	9945318304.180199
56862.083333333336	10766019949.794912
56925.833333333336	7141693744.258891
56990.0	15006743073.413761
57054.166666666664	7530519175.046901
57117.916666666664	1244780643.3963299
57182.083333333336	7218515192.873108
57245.833333333336	6765490787.912348
57310.0	7597773517.862187
57374.166666666664	8668187182.44175
57437.916666666664	7631540292.6025095
57502.083333333336	12731140545.852058
57565.833333333336	7665482274.235644
57630.0	969747687.2535114
57694.166666666664	7699409035.846148
57757.916666666664	9861094866.705406
57822.083333333336	14663345423.149841
57885.833333333336	7750575568.524966
57950.0	12416400865.75436
58014.166666666664	4261475818.8827596
58077.916666666664	9675395170.694908
58142.083333333336	7819142259.334329
58205.833333333336	697814455.1663141
58270.0	3986327865.8241405
58334.166666666664	7536176478.580121
58400.0	3895194470.6959343
58464.166666666664	10913516373.33581
58527.916666666664	7923184479.155889
58592.083333333336	1964590414.3622808
58655.833333333336	7957870810.018097
58720.0	11216963121.740662
58784.166666666664	1851180364.5727425
58847.916666666664	6909601225.64988
58912.083333333336	4009781177.084003
58975.833333333336	8045095430.211752
59040.0	8062588707.348325
59104.166666666664	3474765366.495908
59167.916666666664	1402147129.2420492
59232.083333333336	14149258731.243347
59295.833333333336	14115751535.704174
59360.0	8150494923.714601
59424.166666666664	1041083972.1080685
59487.916666666664	5876404737.524496
59552.083333333336	8203586292.146729
59615.833333333336	8221267996.785033
59680.0	14515876615.520634
59744.166666666664	8712450186.162363
59807.916666666664	10339158800.786026
59872.083333333336	2491720983.709531
59935.833333333336	4284420344.3871984
60000.0	15558213982.263447
60064.166666666664	8346158842.492704
60127.916666666664	7879692159.985755
60192.083333333336	7064922244.717669
60255.833333333336	8400094451.46076
60320.0	10595110383.11984
60384.166666666664	6973166047.380598
60447.916666666664	12759983998.281454
60512.083333333336	8472279656.665754
60575.833333333336	8968550358.56285
60640.0	8508528348.241485
60704.166666666664	6379753509.300934
60767.916666666664	8544853192.2258415
60832.083333333336	9996667080.120197
60895.833333333336	6302996928.580912
60960.0	8599568170.717262
61024.166666666664	8617882744.213179
61087.916666666664	6556477790.110378
61152.083333333336	8654505480.282005
61215.833333333336	14920246097.857025
61280.0	8691278480.856585
61344.166666666664	3779055607.0483923
61407.916666666664	6623632608.583854
61472.083333333336	8746575552.77422
61535.833333333336	9655694778.048344
61600.0	14977391981.223238
61664.166666666664	8802164513.58629
61727.916666666664	7825031113.151007
61792.083333333336	8839366177.643143
61855.833333333336	8857958720.879103
61920.0	8876629643.331741
61984.166666666664	4222141280.8121567
62050.0	8914550150.802155
62114.166666666664	9435518252.000807
62177.916666666664	8435067135.800765
62242.083333333336	4042262041.943145
62305.833333333336	13546017529.78444
62370.0	13631595463.931599
62434.166666666664	15375011745.536339
62497.916666666664	9994345160.199919
62562.083333333336	14172093070.385216
62625.833333333336	8199395678.650931
62690.0	3966759274.0819464
62754.166666666664	7815973587.02004
62817.916666666664	2280387031.216012
62882.083333333336	5040926559.196924
62945.833333333336	9167901719.744902
63010.0	9198063575.704128
63074.166666666664	15247865352.200129
63137.916666666664	9236310870.282803
63202.083333333336	7954109403.516262
63265.833333333336	4525829640.842938
63330.0	9420457709.841595
63394.166666666664	3628791226.5913553
63457.916666666664	9332352647.642052
63522.083333333336	16821297573.297874
63585.833333333336	7865776442.69746
63650.0	6017409000.839842
63714.166666666664	9409722821.652914
63777.916666666664	8224315954.22713
63842.083333333336	9448507287.608845
63905.833333333336	9467923345.310747
63970.0	14703960612.106434
64034.166666666664	9506898728.705133
64097.916666666664	11218251680.394068
64162.083333333336	2937807830.5333977
64225.833333333336	11900101772.328249
64290.0	14801706583.952745
64354.166666666664	4997730475.798928
64417.916666666664	9453113166.365473
64482.083333333336	9644127340.255808
64545.833333333336	9663854806.44238
64610.0	9114423767.24681
64674.166666666664	9560370291.968388
64737.916666666664	17097326202.175268
64802.083333333336	16302428371.368847
64865.833333333336	12896611446.523949
64930.0	9782701418.418139
64994.166666666664	13724969886.820404
65057.916666666664	16493022860.592438
65122.083333333336	13073800503.945759
65185.833333333336	8838212048.348558
65250.0	6713123314.878645
65314.166666666664	16845999821.22651
65377.916666666664	8986657332.047424
65442.083333333336	6169474103.823507
65505.833333333336	5853784537.5322895
65570.0	9982804514.041044
65634.16666666667	2704531031.0412903
65700.0	6401468136.564821
65764.16666666667	6179596310.189269
65827.91666666667	5405158078.027556
65892.08333333333	7977943260.866604
65955.83333333333	6236688977.996389
66020.0	4716235367.815155
66084.16666666667	14813091124.13885
66147.91666666667	5451402133.598047
66212.08333333333	10186245346.773996
66275.83333333333	9377415942.545654
66340.0	10227213301.290592
66404.16666666667	4365350758.386845
66467.91666666667	10268172253.048319
66532.08333333333	16860105346.605131
66595.83333333333	10309346398.795336
66660.0	13101405430.022144
66724.16666666667	5911062457.019161
66787.91666666667	10371152618.639013
66852.08333333333	8555867202.350545
66915.83333333333	9629344554.958569
66980.0	10575416524.444746
67044.16666666667	9654326881.063429
67107.91666666667	11338102794.32185
67172.08333333333	8775354068.683586
67235.83333333333	17179693854.16092
67300.0	9059662312.883827
67364.16666666667	16024758632.910713
67427.91666666667	12471677764.579634
67492.08333333333	14972874055.624424
67555.83333333333	4586675046.771525
67620.0	16016401450.574644
67684.16666666667	10663224124.884527
67747.91666666667	8250309131.342638
67812.08333333333	15434380577.190308
67875.83333333333	12445111356.616106
67940.0	10747573384.96058
68004.16666666667	13604697940.703098
68067.91666666667	17817792852.996536
68132.08333333333	10811245322.631397
68195.83333333333	16982539616.15786
68260.0	5919360203.833114
68324.16666666667	6592761916.113541
68387.91666666667	3779665089.7744017
68452.08333333333	5426916016.251872
68515.83333333333	10939207852.043941
68580.0	15275490720.809765
68644.16666666667	17291881550.87174
68707.91666666667	5650775532.741878
68772.08333333333	18183755747.739166
68835.83333333333	11046584826.995758
68900.0	12966924520.897358
68964.16666666667	3838329608.0891
69027.91666666667	11111338986.450096
69092.08333333333	17304649501.40103
69155.83333333333	11154619886.428478
69220.0	12055969993.424883
69284.16666666667	13557143377.708082
69350.0	4985301797.25179
69414.16666666667	4074255045.1829453
69477.91666666667	16266289553.940899
69542.08333333333	11285962103.244364
69605.83333333333	11307764498.870634
69670.0	7506728462.843941
69734.16666666667	11351622979.509762
69797.91666666667	18084573274.97703
69862.08333333333	14684974845.838112
69925.83333333333	11417492054.763496
69990.0	16870028627.054144
70054.16666666667	5086271437.813002
70117.91666666667	11483704915.097124
70182.08333333333	15353878324.729782
70245.83333333333	11527941943.221523
70310.0	13873625045.282616
70374.16666666667	17385425644.999287
70437.91666666667	9615734177.440037
70502.08333333333	11616866354.336792
70565.83333333333	10306212877.396563
70630.0	15568074414.149326
70694.16666666667	6176159993.32596
70757.91666666667	6254998760.6605835
70822.08333333333	10729669186.063452
70885.83333333333	11751074668.805275
70950.0	9220450040.329088
71014.16666666667	13424609716.711365
71077.91666666667	5981609579.328588
71142.08333333333	8428729179.809055
71205.83333333333	6929860074.033415
71270.0	11886294570.166622
71334.16666666667	14548634284.223207
71397.91666666667	11931705146.58658
71462.08333333333	13669763159.336313
71525.83333333333	11977001619.4686
71590.0	8012171391.954623
71654.16666666667	11137258829.65212
71717.91666666667	12045361023.529709
71782.08333333333	8921748393.238005
71845.83333333333	11732156116.813208
71910.0	12400861867.199461
71974.16666666667	11656101617.274754
72037.91666666667	17971040201.66687
72102.08333333333	12182852905.254948
72165.83333333333	7458133279.40932
72230.0	15686018336.668987
72294.16666666667	15687779171.122326
72357.91666666667	17686084656.437687
72422.08333333333	12298279065.55554
72485.83333333333	17692405909.915695
72550.0	11972558828.239323
72614.16666666667	8367182563.12981
72677.91666666667	12391117891.679491
72742.08333333333	11801345183.5866
72805.83333333333	19208761879.173126
72870.0	5781405066.39395
72934.16666666667	15250645641.361528
73000.0	11399363074.431234
