t(days)	RNP(psia2/cp-D/Mscf)
0.25	18859273.233564746
0.33040833333333336	1956511.4924027447
0.4861958333333333	92464727.43093249
0.7977666666666666	251071575.27512297
1.4209083333333332	106740622.832466
2.667195833333333	67694021.78769696
5.07725	95797617.80538505
9.897375	270795823.1293507
19.198041666666665	17053913.505089376
35.644875	107590950.84445669
66.05958333333334	31892730.98385814
124.99208333333333	182480132.1563438
188.99208333333334	209007717.0959123
252.99208333333334	272963075.43606144
316.99208333333337	86712648.70761926
380.9920833333333	115653432.59765172
444.9916666666666	245467040.00314647
508.9916666666666	96029165.54455563
572.9916666666667	101258347.81375523
636.9916666666667	37537597.36038716
700.9916666666667	28995438.355115145
764.9916666666667	118240033.64701241
828.9916666666667	126904724.19152242
892.9916666666667	133821484.91352181
956.9916666666667	133134715.11106944
1020.9916666666667	238580797.81017405
1084.9916666666666	142221620.88329086
1148.9916666666666	146559511.3371095
1212.9916666666666	199464009.25095072
1276.9916666666666	154882014.1625986
1340.9916666666666	214211070.0770298
1404.9916666666668	4041118.2321712375
1468.9916666666668	151160700.11817223
1532.9916666666668	170358081.7113927
1596.9916666666668	128965435.643631
1660.9916666666668	177620684.920044
1724.9916666666668	309266553.66571784
1788.9916666666668	281509329.01415694
1852.9916666666668	344122336.31188846
1916.9916666666668	110094936.723043
1980.9916666666668	357757901.78940004
2044.9916666666668	277183571.95890427
2108.991666666667	95873508.01409462
2172.991666666667	436597581.8981626
2236.991666666667	372101459.3576273
2300.991666666667	210659269.27538726
2364.991666666667	114696288.56330484
2428.991666666667	216796576.90959513
2492.991666666667	435626069.7388911
2556.991666666667	289444007.18392515
2620.991666666667	28310332.41247183
2684.991666666667	270048298.2795264
2748.991666666667	292472735.0302523
2812.991666666667	6684250.588053644
2876.991666666667	231205875.8810724
2940.991666666667	245100225.91226894
3004.991666666667	243277464.5013008
3068.991666666667	87335024.7269589
3132.991666666667	426545120.30013484
3196.991666666667	300781639.4512639
3260.991666666667	254653346.55190668
3324.991666666667	143862169.03760743
3388.991666666667	204059956.4965801
3452.991666666667	165014547.19770262
3516.991666666667	265897436.10927528
3580.991666666667	268694764.6189113
3650.0	271705372.18945765
3714.0	478233055.78675485
3778.0	527421942.37168664
3842.0	533007444.87204003
3906.0	267267419.5186367
3970.0	41858153.167166054
4034.0	288424511.00431275
4098.0	291210423.4233365
4162.0	293997733.4407506
4226.0	296785908.07292485
4290.0	299576357.2538301
4354.0	302369668.98874485
4418.0	305165523.374914
4482.0	307964641.9676603
4546.0	310766807.18971515
4610.0	313573941.2485879
4674.0	316384920.3660676
4738.0	319200765.7977119
4802.0	322021495.22140443
4866.0	324847162.104427
4930.0	327677857.4098492
4994.0	330514885.0612758
5058.0	333357283.00328684
5122.0	336206480.25779885
5186.0	339060327.52895206
5250.0	341921580.3480016
5314.0	344790655.7024004
5378.0	347665424.54176015
5442.0	350547599.16987944
5506.0	353436347.3857875
5570.0	356334897.29313457
5634.0	359238392.2972292
5698.0	362150131.0718024
5762.0	365070788.2935507
5826.0	367999646.0533107
5890.0	370934479.3843298
5954.0	373880449.78449535
6018.0	376832388.5205003
6082.0	379794111.82235944
6146.0	382763401.0183122
6210.0	385742709.46892184
6274.0	388728167.0547055
6338.0	391725570.14173484
6402.0	394731047.9447139
6466.0	397743901.4863828
6530.0	400766857.2159577
6594.0	403799320.9293648
6658.0	406840674.9565253
6722.0	409893888.2770246
6786.0	412952960.76070493
6850.0	416022700.89089435
6914.0	419102560.3952134
6978.0	422191969.318306
7042.0	425290335.70223016
7106.0	428399017.1894345
7170.0	431517463.2993539
7234.0	434645102.3892468
7300.0	437882267.2112007
7364.0	441030036.2245989
7428.0	444187347.2013509
7492.0	447357933.14076734
7556.0	450534846.66372013
7620.0	453724022.9539432
7684.0	456922776.4247508
7748.0	460132826.8299062
7812.0	463351387.9400018
7876.0	466582543.2489166
7940.0	469823501.2716356
8004.0	473073726.3737058
8068.0	476332663.6456929
8132.0	479607153.0831864
8196.0	482889389.4954453
8260.0	486181301.1774782
8324.0	489484934.54440796
8388.0	492799847.9522006
8452.0	496125582.96100944
8516.0	499461664.078591
8580.0	502807598.51110023
8644.0	506165628.72217983
8708.0	509532547.25745326
8772.0	512910635.6674675
8836.0	516302307.1107868
8900.0	519704305.7616323
8964.0	523116148.725815
9028.0	526537336.2699547
9092.0	529973387.2651337
9156.0	533417889.27202654
9220.0	536873389.7747666
9284.0	540342578.955218
9348.0	543821938.0881422
9412.0	547310989.6818249
9476.0	550812499.9077023
9540.0	554322782.1915964
9604.0	557847998.2522142
9668.0	561381088.2904247
9732.0	564928353.2492726
9796.0	568486006.0739983
9860.0	572057104.389277
9924.0	575637746.4538482
9988.0	579227444.0617919
10052.0	582829343.1133891
10116.0	586446755.120665
10180.0	590071937.9455806
10244.0	593711917.5575542
10308.0	597358740.4808966
10372.0	601019589.4455041
10436.0	604694153.0511243
10500.0	608378131.0263083
10564.0	612075067.6356385
10628.0	615780539.2607211
10692.0	619502283.0164121
10756.0	623231725.4235784
10820.0	626976775.3358526
10884.0	630728633.8644519
10950.0	634616525.0717988
11014.0	638394963.0927631
11078.0	642183212.8202795
11142.0	645985302.583427
11206.0	649800922.1968096
11270.0	653629750.0818508
11334.0	657466808.5477659
11398.0	661316288.0640403
11462.0	665182584.4392682
11526.0	669055874.5446253
11590.0	672940474.786553
11654.0	676840912.2831342
11718.0	680751971.125579
11782.0	684673232.2865283
11846.0	688609358.6996111
11910.0	692554927.4805757
11974.0	696514694.3198324
12038.0	700488367.6872941
12102.0	704470313.1743633
12166.0	708465429.05734
12230.0	712478844.385619
12294.0	716499376.2993544
12358.0	720532070.5159533
12422.0	724576568.4243668
12486.0	728632499.9561946
12550.0	732705251.7233602
12614.0	736788790.8643633
12678.0	740882713.6157033
12742.0	744992567.5346774
12806.0	749112093.4031283
12870.0	753240852.4219575
12934.0	757390720.2389662
12998.0	761542945.7369541
13062.0	765715749.4644386
13126.0	769896319.5440717
13190.0	774097034.7201585
13254.0	778304787.4594803
13318.0	782519056.3362199
13382.0	786752607.7331833
13446.0	790998601.7831283
13510.0	795263492.1336807
13574.0	799533409.0838422
13638.0	803814712.479204
13702.0	808114045.3108444
13766.0	812424156.1864265
13830.0	816744651.1198105
13894.0	821082368.6317128
13958.0	825429802.1729325
14022.0	829793923.7197276
14086.0	834167053.4220471
14150.0	838556298.7386442
14214.0	842953803.443602
14278.0	847366812.5025461
14342.0	851787290.2731425
14406.0	856230498.3983426
14470.0	860680505.7049489
14534.0	865144840.2949018
14600.0	869761382.3935541
14664.0	874254964.3458767
14728.0	878762028.9340445
14792.0	883273889.705745
14856.0	887806912.882684
14920.0	892352478.8287741
14984.0	896910255.5186585
15048.0	901479901.2447056
15112.0	906069885.3599627
15176.0	910662294.3679515
15240.0	915274489.692724
15304.0	919897270.8838698
15368.0	924530248.089291
15432.0	929182297.6987975
15496.0	933843918.850573
15560.0	938520370.6538167
15624.0	943210437.7212949
15688.0	947913823.622502
15752.0	952630223.1007174
15816.0	957360306.7472645
15880.0	962104775.2314781
15944.0	966862351.0864346
16008.0	971633737.4711822
16072.0	976416595.512315
16136.0	981213669.3994055
16200.0	986023637.1480614
16264.0	990848292.1133729
16328.0	995687370.9186485
16392.0	1000539526.4907321
16456.0	1005405533.847665
16520.0	1010285104.8325447
16584.0	1015179050.2246954
16648.0	1020084861.0479568
16712.0	1025004449.2017521
16776.0	1029937525.0032606
16840.0	1034884941.1825398
16904.0	1039845262.6872795
16968.0	1044820520.6764991
17032.0	1049810459.1614194
17096.0	1054813618.9443741
17160.0	1059830901.1656772
17224.0	1064860807.7317902
17288.0	1069904246.1144958
17352.0	1074963403.3546624
17416.0	1080035538.8754299
17480.0	1085120340.5007014
17544.0	1090220041.8003585
17608.0	1095333096.5937655
17672.0	1100459203.9398234
17736.0	1105601994.8230596
17800.0	1110759936.6553762
17864.0	1115930102.5695693
17928.0	1121114860.5667226
17992.0	1126311218.3057308
18056.0	1131521577.4536808
18120.0	1136745655.9290597
18184.0	1141984565.1119246
18250.0	1147404941.2969117
18314.0	1152674263.8861942
18378.0	1157959069.8523357
18442.0	1163256209.5043695
18506.0	1168566821.2841928
18570.0	1173892088.9018407
18634.0	1179231748.066553
18698.0	1184585527.1137567
18762.0	1189953146.9157217
18826.0	1195335856.0147114
18890.0	1200733401.7678158
18954.0	1206145524.3958514
19018.0	1211570379.6848714
19082.0	1217009242.140864
19146.0	1222463435.445184
19210.0	1227931093.1935768
19274.0	1233413553.2078488
19338.0	1238910554.8613412
19402.0	1244421830.3960402
19466.0	1249948783.547474
19530.0	1255492870.422294
19594.0	1261048765.8346994
19658.0	1266619575.7743
19722.0	1272205041.8748465
19786.0	1277803144.39766
19850.0	1283415334.353845
19914.0	1289043117.1542153
19978.0	1294684451.5539136
20042.0	1300342676.9294183
20106.0	1306013921.5688026
20170.0	1311699725.6570098
20234.0	1317399821.4264634
20298.0	1323115815.0958917
20362.0	1328847473.7878299
20426.0	1334592644.363699
20490.0	1340352961.5376978
20554.0	1346130119.3746
20618.0	1351919981.0060143
20682.0	1357724210.2926645
20746.0	1363542533.885833
20810.0	1369374671.477047
20874.0	1375222367.7842643
20938.0	1381085380.4253027
21002.0	1386963460.526542
21066.0	1392858437.1618433
21130.0	1398767999.1764667
21194.0	1404691878.1218488
21258.0	1410631936.8086393
21322.0	1416583635.0995607
21386.0	1422553152.7137375
21450.0	1428535918.1893687
21514.0	1434531629.0767553
21578.0	1440544435.1397543
21642.0	1446571883.2916212
21706.0	1452613706.5327203
21770.0	1458671917.3662734
21834.0	1464746292.6292598
21900.0	1471027232.8947997
21964.0	1477130140.6413665
22028.0	1483250803.374254
22092.0	1489384264.4254825
22156.0	1495535016.4691732
22220.0	1501698011.7303655
22284.0	1507877808.9022064
22348.0	1514071730.9053333
22412.0	1520281980.577906
22476.0	1526508331.8474085
22540.0	1532748028.425262
22604.0	1539003315.2165334
22668.0	1545276513.3517296
22732.0	1551564848.2672935
22796.0	1557868063.4197662
22860.0	1564185895.967164
22924.0	1570518076.7020974
22988.0	1576864329.985508
23052.0	1583224373.6810756
23116.0	1589603349.0649652
23180.0	1595998355.1987956
23244.0	1602409156.9272044
23308.0	1608835513.1610458
23372.0	1615277176.8116546
23436.0	1621733894.725551
23500.0	1628205407.6196253
23564.0	1634691450.0168555
23628.0	1641194644.2668147
23692.0	1647714781.405823
23756.0	1654248706.642339
23820.0	1660796129.93056
23884.0	1667362728.9232895
23948.0	1673942320.7282968
24012.0	1680540665.4364808
24076.0	1687151474.053721
24140.0	1693777507.5417604
24204.0	1700421616.9024096
24268.0	1707080482.4009745
24332.0	1713753836.6598473
24396.0	1720441406.1638973
24460.0	1727146116.3559756
24524.0	1733867756.2182412
24588.0	1740609364.6558914
24652.0	1747364234.4747403
24716.0	1754135368.4489157
24780.0	1760922533.610417
24844.0	1767722133.8171234
24908.0	1774540613.8822403
24972.0	1781374391.9994764
25036.0	1788223212.2877047
25100.0	1795086812.9898732
25164.0	1801964926.4149287
25228.0	1808860794.494387
25292.0	1815774218.2293003
25356.0	1822701423.862343
25420.0	1829642120.3318539
25484.0	1836603258.899468
25550.0	1843796535.5527773
25614.0	1850788710.377629
25678.0	1857797034.6290512
25742.0	1864825007.702265
25806.0	1871864942.1746178
25870.0	1878924091.461428
25934.0	1885998465.6712399
25998.0	1893087805.7316523
26062.0	1900195726.4216225
26126.0	1907314227.017773
26190.0	1914450819.7054086
26254.0	1921601342.9659007
26318.0	1928773503.2506511
26382.0	1935959131.6008306
26446.0	1943161986.0615635
26510.0	1950381852.0706694
26574.0	1957618509.9249437
26638.0	1964867586.5299323
26702.0	1972141296.324491
26766.0	1979422749.3886387
26830.0	1986724241.7549632
26894.0	1994041348.256834
26958.0	2001373817.2114995
27022.0	2008721391.420433
27086.0	2016088175.3854158
27150.0	2023469597.5094008
27214.0	2030865384.2750797
27278.0	2038279720.3823106
27342.0	2045716915.1796057
27406.0	2053163287.0225756
27470.0	2060627566.5915651
27534.0	2068109551.8318985
27598.0	2075604406.8975472
27662.0	2083116481.7752914
27726.0	2090650255.3940992
27790.0	2098196146.8179688
27854.0	2105758591.1575634
27918.0	2113337355.9102945
27982.0	2120937036.7491615
28046.0	2128547758.9087274
28110.0	2136178976.0997021
28174.0	2143825602.1690476
28238.0	2151487378.9401026
28302.0	2159169051.98552
28366.0	2166865414.653448
28430.0	2174581273.9207
28494.0	2182311341.7356935
28558.0	2190055333.6017003
28622.0	2197818149.462638
28686.0	2205594376.969144
28750.0	2213394242.929687
28814.0	2221207061.5960345
28878.0	2229037860.106977
28942.0	2236886434.0541606
29006.0	2244747160.21535
29070.0	2252630614.880546
29134.0	2260531203.1692877
29200.0	2268692005.4213963
29264.0	2276627890.666813
29328.0	2284580233.8936095
29392.0	2292543149.6748414
29456.0	2300527649.543567
29520.0	2308527877.159329
29584.0	2316543579.0035534
29648.0	2324580302.4288573
29712.0	2332632058.0567093
29776.0	2340698577.377731
29840.0	2348785514.1605124
29904.0	2356886743.5602517
29968.0	2365001981.668559
30032.0	2373136990.2698927
30096.0	2381291599.4239197
30160.0	2389459500.345433
30224.0	2397640388.3949547
30288.0	2405846391.4613657
30352.0	2414064925.63256
30416.0	2422308279.5073814
30480.0	2430570037.695368
30544.0	2438843608.5784235
30608.0	2447141525.1473665
30672.0	2455450751.8977146
30736.0	2463777464.696538
30800.0	2472121443.9236565
30864.0	2480482465.310032
30928.0	2488860299.8944936
30992.0	2497254713.9807196
31056.0	2505658723.2433043
31120.0	2514092321.941172
31184.0	2522535024.3636627
31248.0	2531000206.2554464
31312.0	2539480819.0216036
31376.0	2547976600.3795733
31440.0	2556487283.0166116
31504.0	2565019663.776648
31568.0	2573566490.2762895
31632.0	2582141808.376651
31696.0	2590723982.2850513
31760.0	2599327096.3908877
31824.0	2607950998.3888946
31888.0	2616595532.188272
31952.0	2625245727.5626245
32016.0	2633923489.0166874
32080.0	2642613788.215517
32144.0	2651323856.99282
32208.0	2660045915.296806
32272.0	2668794937.227181
32336.0	2677555481.2655253
32400.0	2686327206.1007466
32464.0	2695125373.8323975
32528.0	2703942082.638136
32592.0	2712769222.4671984
32656.0	2721622348.680114
32720.0	2730493394.0556383
32784.0	2739374079.7415924
32850.0	2748564329.8053417
32914.0	2757481444.9169865
32978.0	2766423715.3015714
33042.0	2775382790.1355233
33106.0	2784358431.168784
33170.0	2793350395.5605373
33234.0	2802358435.841061
33298.0	2811390792.3214264
33362.0	2820430277.965133
33426.0	2829493671.3740325
33490.0	2838580872.0546503
33554.0	2847674350.1731696
33618.0	2856791201.667505
33682.0	2865931314.859494
33746.0	2875085693.2388654
33810.0	2884262986.80135
33874.0	2893454077.785107
33938.0	2902658668.533934
34002.0	2911885566.7481585
34066.0	2921125469.914681
34130.0	2930387292.410144
34194.0	2939661607.2142973
34258.0	2948966780.346217
34322.0	2958274630.15577
34386.0	2967613035.1065516
34450.0	2976962972.06004
34514.0	2986333682.5820036
34578.0	2995725001.509766
34642.0	3005127056.7093196
34706.0	3014559021.176956
34770.0	3024001250.427418
34834.0	3033463266.6602993
34898.0	3042944884.9583344
34962.0	3052435905.33398
35026.0	3061956094.9615784
35090.0	3071485171.6897235
35154.0	3081032945.162416
35218.0	3090609472.911155
35282.0	3100194082.8765798
35346.0	3109807152.026031
35410.0	3119427744.9482884
35474.0	3129076486.775418
35538.0	3138732176.0557346
35602.0	3148415688.4930263
35666.0	3158116270.2546535
35730.0	3167844465.8487945
35794.0	3177578534.437414
35858.0	3187328945.797919
35922.0	3197106431.485598
35986.0	3206899888.166601
36050.0	3216709056.875999
36114.0	3226544859.920425
36178.0	3236384726.118399
36242.0	3246250823.491001
36306.0	3256143082.0075235
36370.0	3266038506.3413596
36434.0	3275959664.919787
36500.0	3286219739.432109
36564.0	3296170680.535798
36628.0	3306146835.2038026
36692.0	3316148113.1493587
36756.0	3326162534.153577
36820.0	3336189786.873307
36884.0	3346241586.1678863
36948.0	3356305724.6862454
37012.0	3366394053.6991625
37076.0	3376506462.5979867
37140.0	3386630514.506292
37204.0	3396778268.2980156
37268.0	3406949603.347463
37332.0	3417144396.01869
37396.0	3427349898.1552067
37460.0	3437578450.495477
37524.0	3447817146.322661
37588.0	3458091317.564527
37652.0	3468362276.2403026
37716.0	3478655421.8693924
37780.0	3488970605.291941
37844.0	3499307674.0788164
37908.0	3509653237.5653195
37972.0	3520033528.154487
38036.0	3530421834.4601226
38100.0	3540831224.4159017
38164.0	3551247977.0907927
38228.0	3561698939.730074
38292.0	3572170463.934837
38356.0	3582662368.807391
38420.0	3593160597.6551776
38484.0	3603678671.912145
38548.0	3614230434.058796
38612.0	3624787699.1421776
38676.0	3635378420.630545
38740.0	3645974077.51118
38804.0	3656602946.0526333
38868.0	3667250616.0467734
38932.0	3677902339.228244
38996.0	3688586881.8080616
39060.0	3699289572.0147486
39124.0	3709995395.2533526
39188.0	3720733614.4210253
39252.0	3731489292.406077
39316.0	3742262191.8224297
39380.0	3753067205.5908933
39444.0	3763873906.944391
39508.0	3774697093.8102646
39572.0	3785551910.044728
39636.0	3796422877.5083375
39700.0	3807325310.5721292
39764.0	3818227883.553489
39828.0	3829161567.72766
39892.0	3840110515.856638
39956.0	3851090386.6994653
40020.0	10299367714.040363
40084.0	1658580370.244246
40150.0	2931523604.886572
40214.0	767342462.0671072
40278.0	3906568046.558483
40342.0	4682709557.330536
40406.0	3928764737.008044
40470.0	3939891225.4641633
40534.0	4519186051.398229
40598.0	10844275215.120663
40662.0	9045029290.198647
40726.0	2134659092.4621
40790.0	3240898508.987816
40854.0	4007064654.204037
40918.0	6463566924.327486
40982.0	5124114994.411069
41046.0	1456328597.1582456
41110.0	9298915085.40205
41174.0	10301546562.734325
41238.0	4074926289.619987
41302.0	4427074411.44338
41366.0	6565640016.802005
41430.0	4109127640.0982203
41494.0	8946460885.404171
41558.0	1887882693.5264106
41622.0	10242481187.74992
41685.833333333336	4901150052.684366
41750.0	4166522058.6191225
41814.166666666664	256156279.5024042
41877.916666666664	9117769514.674753
41942.083333333336	4201222700.5102987
42005.833333333336	6106207967.836168
42070.0	4224430082.855058
42134.166666666664	6119472229.015671
42197.916666666664	2179062675.1764793
42262.083333333336	4259423737.175446
42325.833333333336	4271112938.409153
42390.0	5367865342.935952
42454.166666666664	3269923350.958266
42517.916666666664	11081991551.936604
42582.083333333336	1213007722.8855863
42645.833333333336	6808050588.406286
42710.0	11317315836.38928
42774.166666666664	11236570430.478035
42837.916666666664	8977759470.76614
42902.083333333336	11753916051.869688
42965.833333333336	4389209990.681311
43030.0	2331129470.4877386
43094.166666666664	9459443790.631672
43157.916666666664	7536420533.493786
43222.083333333336	4437024103.338847
43285.833333333336	8994088644.570625
43350.0	2707779313.572211
43414.166666666664	2508771062.5959806
43477.916666666664	4485178019.055186
43542.083333333336	4497249863.946723
43605.833333333336	2550052342.4723244
43670.0	474238567.0860915
43734.166666666664	4533637613.896869
43800.0	9709622937.663101
43864.166666666664	4558351527.83433
43927.916666666664	8555463559.632638
43992.083333333336	7955339680.426767
44055.833333333336	4595035473.003626
44120.0	2729902976.2309656
44184.166666666664	2010879858.0758395
44247.916666666664	6667225874.272173
44312.083333333336	6358844016.527552
44375.833333333336	734011907.8307118
44440.0	714694307.2788234
44504.166666666664	4681314740.351623
44567.916666666664	5858108128.020884
44632.083333333336	4706146099.068812
44695.833333333336	4718601018.272391
44760.0	4731097986.691913
44824.166666666664	4743588793.349915
44887.916666666664	5314071085.607934
44952.083333333336	4768647152.96432
45015.833333333336	4781214468.752968
45080.0	8256640023.295222
45144.166666666664	4806399938.255842
45207.916666666664	154813321.68083954
45272.083333333336	2408882590.09755
45335.833333333336	6431520353.281503
45400.0	4857017648.792898
45464.166666666664	1821236634.494905
45527.916666666664	11823189486.364723
45592.083333333336	2828340589.747612
45655.833333333336	5892772709.605529
45720.0	10487382735.40513
45784.166666666664	793522301.4654775
45847.916666666664	5344703539.397272
45912.083333333336	7839645164.490617
45975.833333333336	8192552334.906057
46040.0	5723954238.8077545
46104.166666666664	4997862005.724692
46167.916666666664	12047724720.064512
46232.083333333336	5023733481.831191
46295.833333333336	8952367428.7063
46360.0	6237167084.0927105
46424.166666666664	12377580620.249298
46487.916666666664	10989882369.926922
46552.083333333336	5088806255.332665
46615.833333333336	5101889382.004619
46680.0	10479006927.408249
46744.166666666664	5128117212.856132
46807.916666666664	1948321194.5582137
46872.083333333336	5154416269.357767
46935.833333333336	9655344532.12225
47000.0	4939167951.272305
47064.166666666664	8498248819.419364
47127.916666666664	5207307514.975446
47192.083333333336	12141219553.109676
47255.833333333336	9640058124.909702
47320.0	5396154010.322716
47384.166666666664	11580079387.689077
47450.0	8100908762.647308
47514.166666666664	6956635367.293607
47577.916666666664	7244829726.433268
47642.083333333336	9065378756.00598
47705.833333333336	1699948231.8427577
47770.0	8920115777.360924
47834.166666666664	5354864472.877762
47897.916666666664	9284039604.476843
47962.083333333336	6022683379.711774
48025.833333333336	9200576233.755362
48090.0	6973331329.885879
48154.166666666664	3830234280.7328815
48217.916666666664	5436249955.281168
48282.083333333336	5449874482.321937
48345.833333333336	655067053.6720886
48410.0	8041906142.383001
48474.166666666664	5490901750.1330185
48537.916666666664	4292184760.2838664
48602.083333333336	7108615596.008806
48665.833333333336	12414274707.60574
48730.0	5285315748.774281
48794.166666666664	3725787555.8098574
48857.916666666664	5573569113.472228
48922.083333333336	5587421893.762661
48985.833333333336	5090784834.154792
49050.0	974133961.3782396
49114.166666666664	12411144607.774797
49177.916666666664	412964621.71096706
49242.083333333336	1336852286.5626354
49305.833333333336	9488342859.621504
49370.0	12152055118.764004
49434.166666666664	10993966929.97855
49497.916666666664	4745263207.335292
49562.083333333336	1129346353.3844738
49625.833333333336	5741214898.981213
49690.0	5755345153.94253
49754.166666666664	3136128047.9922385
49817.916666666664	9352659546.228786
49882.083333333336	5797831271.4159565
49945.833333333336	10970944044.540676
50010.0	2698472901.4308114
50074.166666666664	5840472817.229964
50137.916666666664	11491676875.605503
50202.083333333336	8798928333.778511
50265.833333333336	876118735.4766855
50330.0	5897690627.437607
50394.166666666664	2874553119.7824116
50457.916666666664	2328818682.5757413
50522.083333333336	2561301895.001081
50585.833333333336	6376405005.288856
50650.0	9090753298.977745
50714.166666666664	7049777714.469153
50777.916666666664	6955578874.759805
50842.083333333336	6013147075.108359
50905.833333333336	3764644167.2188683
50970.0	6513939152.400735
51034.166666666664	10904808177.328497
51100.0	6071874118.24143
51164.166666666664	1258959877.0608463
51227.916666666664	6351650597.3368435
51292.083333333336	6115803526.400137
51355.833333333336	9826165522.930817
51420.0	9011589762.314146
51484.166666666664	2524849892.0627666
51547.916666666664	6174759927.577501
51612.083333333336	6189502117.113771
51675.833333333336	10126921224.506966
51740.0	3966939743.2520657
51804.166666666664	6234028821.472181
51867.916666666664	8656152356.787539
51932.083333333336	6263775809.266452
51995.833333333336	13316702322.178106
52060.0	913473922.4899254
52124.166666666664	5942243352.709829
52187.916666666664	13633825378.054413
52252.083333333336	453164854.21968746
52315.833333333336	4235575721.526022
52380.0	4621516830.642989
52444.166666666664	8928087542.459425
52507.916666666664	13660059313.818825
52572.083333333336	6413954480.162961
52635.833333333336	2212289999.162821
52700.0	6444242709.568743
52764.166666666664	6459449517.597819
52827.916666666664	4383679793.728399
52892.083333333336	1577638416.6437912
52955.833333333336	11195194396.65007
53020.0	9309639523.620216
53084.166666666664	6535700796.6464405
53147.916666666664	10258652427.635838
53212.083333333336	172140600.80622482
53275.833333333336	5060399543.685698
53340.0	6164139841.4230995
53404.166666666664	11229410601.154976
53467.916666666664	6628045299.349418
53532.083333333336	6643469040.6593275
53595.833333333336	6658964732.796577
53660.0	6785730338.349054
53724.166666666664	12338336106.179703
53787.916666666664	13603268328.65802
53852.083333333336	6721191756.0521
53915.833333333336	6736759980.630367
53980.0	6637414886.814807
54044.166666666664	6768064581.850781
54107.916666666664	2984109560.660355
54172.083333333336	3347284247.6329856
54235.833333333336	6815146597.863598
54300.0	4669636890.973259
54364.166666666664	1519727469.5957088
54427.916666666664	8692811237.9849
54492.083333333336	10369593048.283335
54555.833333333336	10127419687.521593
54620.0	6909918069.96842
54684.166666666664	6045600604.763927
54750.0	1690963507.449235
54814.166666666664	1246564322.9195185
54877.916666666664	758874567.7393551
54942.083333333336	907861985.2193031
55005.833333333336	7006043757.577021
55070.0	7022060411.230253
55134.166666666664	7038097240.893597
55197.916666666664	9748357872.521301
55262.083333333336	10571056456.531393
55325.833333333336	1201493208.1862917
55390.0	6017973893.259655
55454.166666666664	7118630459.030041
55517.916666666664	7134838435.221601
55582.083333333336	14179832220.584454
55645.833333333336	9286344699.727148
55710.0	10736660453.985912
55774.166666666664	4528297559.161852
55837.916666666664	10204743860.7415
55902.083333333336	9762496514.595789
55965.833333333336	8040978038.548658
56030.0	4169512768.5659738
56094.166666666664	4940901211.961184
56157.916666666664	13505421248.562351
56222.083333333336	10196908373.007984
56285.833333333336	7330977084.960272
56350.0	7347471479.5573225
56414.166666666664	6259731892.463201
56477.916666666664	7709615621.466265
56542.083333333336	3972287636.766375
56605.833333333336	5719840694.1448965
56670.0	12398945764.494144
56734.166666666664	4652062772.296295
56797.916666666664	7463606993.248059
56862.083333333336	5539488405.673471
56925.833333333336	7497034563.999665
56990.0	13738334322.92167
57054.166666666664	13893690839.212112
57117.916666666664	3510801314.45115
57182.083333333336	14316876046.817228
57245.833333333336	6428683661.132965
57310.0	829092915.2515602
57374.166666666664	7614681771.534613
57437.916666666664	13856190901.07721
57502.083333333336	7648473627.132955
57565.833333333336	292914673.26455116
57630.0	7682439905.932069
57694.166666666664	211719234.8892069
57757.916666666664	1895118241.4164572
57822.083333333336	10642417174.294329
57885.833333333336	734827320.119791
57950.0	2293144817.3785543
58014.166666666664	12702197025.996187
58077.916666666664	13524655462.829918
58142.083333333336	2233682548.088436
58205.833333333336	439148125.6085882
58270.0	15061144019.161648
58334.166666666664	7064135786.140141
58400.0	15373220146.018742
58464.166666666664	7905887300.963681
58527.916666666664	7923184479.155889
58592.083333333336	1169145658.1747522
58655.833333333336	1040576818.3495846
58720.0	13688881373.321331
58784.166666666664	6896261898.960175
58847.916666666664	3360374755.1164217
58912.083333333336	9135741410.778927
58975.833333333336	8045095430.211752
59040.0	9052778652.775059
59104.166666666664	10778071979.717184
59167.916666666664	10395204442.932629
59232.083333333336	8615742186.308107
59295.833333333336	8587217579.41557
59360.0	8150494923.714601
59424.166666666664	4585442261.994564
59487.916666666664	15198510966.139242
59552.083333333336	2789727625.250285
59615.833333333336	8469145975.582048
59680.0	12283115018.525291
59744.166666666664	4451061110.542898
59807.916666666664	10854230759.906391
59872.083333333336	6102112236.689415
59935.833333333336	6326498771.808796
60000.0	15174091615.333973
60064.166666666664	4092491026.65441
60127.916666666664	8364160479.222505
60192.083333333336	5169599819.476297
60255.833333333336	11601758331.161287
60320.0	8418101329.100719
60384.166666666664	8436109105.481599
60447.916666666664	8454194090.528822
60512.083333333336	13605070559.79665
60575.833333333336	6806469328.003484
60640.0	3243808830.1176844
60704.166666666664	8526691142.033023
60767.916666666664	8544853192.2258415
60832.083333333336	14240450238.282497
60895.833333333336	2350245530.3441734
60960.0	8634472582.465101
61024.166666666664	8617882744.213179
61087.916666666664	3851759454.486208
61152.083333333336	12831286780.94699
61215.833333333336	8672893411.1512
61280.0	12212952261.667618
61344.166666666664	11114547877.043173
61407.916666666664	8728119746.830656
61472.083333333336	3789858630.916052
61535.833333333336	13152200848.619673
61600.0	7095507796.303051
61664.166666666664	6004547086.57351
61727.916666666664	5256378418.68651
61792.083333333336	3614897339.9826775
61855.833333333336	14396418248.103073
61920.0	8876629643.331741
61984.166666666664	13477336253.758512
62050.0	12825109497.20602
62114.166666666664	1984582108.5935402
62177.916666666664	8952021015.18825
62242.083333333336	8970745121.294352
62305.833333333336	8989547718.500221
62370.0	13821619022.506447
62434.166666666664	9463975878.332247
62497.916666666664	4987429436.989685
62562.083333333336	9065023179.77234
62625.833333333336	6690431133.802845
62690.0	13910573049.901512
62754.166666666664	10817302512.908749
62817.916666666664	5073223059.929438
62882.083333333336	12369094788.130053
62945.833333333336	9388085379.923824
63010.0	9198063575.704128
63074.166666666664	8729415736.78568
63137.916666666664	6216282463.01647
63202.083333333336	15318187357.527641
63265.833333333336	9274600293.416443
63330.0	9293864299.777779
63394.166666666664	14689037264.487957
63457.916666666664	8050169792.07326
63522.083333333336	9351669629.268368
63585.833333333336	7207052984.121149
63650.0	13676560145.468346
63714.166666666664	7110847690.326958
63777.916666666664	10968907771.807287
63842.083333333336	9206260477.89375
63905.833333333336	11952189476.258663
63970.0	9487419364.758165
64034.166666666664	9506898728.705133
64097.916666666664	10306320673.358953
64162.083333333336	14282575201.88956
64225.833333333336	9565623096.982882
64290.0	6774815465.55314
64354.166666666664	11448079188.262028
64417.916666666664	7742929523.825078
64482.083333333336	14967822242.759773
64545.833333333336	15195318993.44701
64610.0	9683663144.772099
64674.166666666664	13919042039.876776
64737.916666666664	9723118103.259993
64802.083333333336	8357346172.958089
64865.833333333336	16107559003.597034
64930.0	7544282428.519146
64994.166666666664	9802587470.972853
65057.916666666664	6885425168.133177
65122.083333333336	12372886098.908873
65185.833333333336	6211712086.743645
65250.0	9882422086.53967
65314.166666666664	9902399957.909567
65377.916666666664	6961257807.5599
65442.083333333336	11686087914.587347
65505.833333333336	9820080264.800379
65570.0	14746493668.602747
65634.16666666667	8262720896.156193
65700.0	5978730323.156386
65764.16666666667	9492212149.715458
65827.91666666667	12130074909.20675
65892.08333333333	15948754388.664852
65955.83333333333	12682379911.203249
66020.0	8989190933.94456
66084.16666666667	17324218123.7019
66147.91666666667	13057122146.871952
66212.08333333333	10132774981.688866
66275.83333333333	17059094519.718025
66340.0	10227213301.290592
66404.16666666667	4591316994.7544775
66467.91666666667	7982182384.927838
66532.08333333333	10288718132.658764
66595.83333333333	5633086399.829428
66660.0	9300386525.909946
66724.16666666667	16002250257.579346
66787.91666666667	14086649687.305712
66852.08333333333	10391881027.736115
66915.83333333333	10412575964.333384
66980.0	3036209491.428337
67044.16666666667	3205948809.79653
67107.91666666667	8143097620.518496
67172.08333333333	15636701829.160679
67235.83333333333	6854333523.361038
67300.0	8569265355.573741
67364.16666666667	3439740086.6223907
67427.91666666667	10376168104.922316
67492.08333333333	15627968961.164663
67555.83333333333	9189464462.093178
67620.0	10921409077.551865
67684.16666666667	6689562573.95035
67747.91666666667	7847732831.052193
67812.08333333333	10705294173.365461
67875.83333333333	14374242316.325066
67940.0	13491399925.795515
68004.16666666667	11332186412.556353
68067.91666666667	17031824920.300941
68132.08333333333	7154129238.010686
68195.83333333333	15673057957.915962
68260.0	5903415381.654586
68324.16666666667	14633285415.52635
68387.91666666667	6390550925.116696
68452.08333333333	12251238023.624962
68515.83333333333	11513870639.852276
68580.0	10960593370.20299
68644.16666666667	10982062667.04481
68707.91666666667	15352588482.425846
68772.08333333333	12649692581.033665
68835.83333333333	17816429428.868298
68900.0	11068129398.297575
68964.16666666667	13843482464.61058
69027.91666666667	13045872364.392006
69092.08333333333	11133003957.55935
69155.83333333333	18550690286.770172
69220.0	11176319917.91011
69284.16666666667	14125798820.989508
69350.0	15318579775.303106
69414.16666666667	11242201155.316677
69477.91666666667	13891063652.573605
69542.08333333333	6717883421.142641
69605.83333333333	18369296974.871334
69670.0	18180855624.199158
69734.16666666667	11351622979.509762
69797.91666666667	6956420920.914125
69862.08333333333	10151002906.018787
69925.83333333333	16252932744.368736
69990.0	10642984771.673399
70054.16666666667	10837802078.942032
70117.91666666667	17965014928.59889
70182.08333333333	18259724310.495346
70245.83333333333	11527941943.221523
70310.0	7108427076.758997
70374.16666666667	5192656527.971468
70437.91666666667	18458628958.431366
70502.08333333333	16958575473.560738
70565.83333333333	11639093891.475388
70630.0	7775417273.699596
70694.16666666667	11573029995.56383
70757.91666666667	19042734571.878754
70822.08333333333	14742792806.265545
70885.83333333333	14522239125.92285
70950.0	15271093308.402472
71014.16666666667	11796054003.77757
71077.91666666667	8072077510.214512
71142.08333333333	12669159018.162554
71205.83333333333	17371279026.539886
71270.0	7215021910.639371
71334.16666666667	11908956569.257545
71397.91666666667	16362314076.173458
71462.08333333333	17881501401.537476
71525.83333333333	13180198468.205694
71590.0	11999856429.866894
71654.16666666667	18117071382.10832
71717.91666666667	12110062935.474337
71782.08333333333	12068321228.802845
71845.83333333333	12091054964.586048
71910.0	18829653072.74695
71974.16666666667	10206433112.15797
72037.91666666667	6358245898.110825
72102.08333333333	12182852905.254948
72165.83333333333	7868943641.822856
72230.0	9178580966.540445
72294.16666666667	19708016008.76418
72357.91666666667	18565045832.95388
72422.08333333333	5989194453.569772
72485.83333333333	18081355335.198483
72550.0	9564929764.115177
72614.16666666667	12367900291.61136
72677.91666666667	8007769275.102536
72742.08333333333	12414422826.022043
72805.83333333333	12437815588.336536
72870.0	18377375344.407364
72934.16666666667	14477828594.958546
73000.0	8246117095.254507
