t(days)	RNP(psia2/cp-D/Mscf)
0.25	214415316.50044033
0.33040833333333336	260895406.90950888
0.4861958333333333	2608864.801773951
0.7977666666666666	225429263.66133395
1.4209083333333332	26043982.352599803
2.667195833333333	156897870.55259436
5.07725	117846140.09240809
9.897375	248962447.58742765
19.198041666666665	17053913.505089376
35.644875	209600886.40136623
66.05958333333334	266638816.008364
124.99208333333333	79418433.88844857
188.99208333333334	85101408.66253084
252.99208333333334	64572087.22804955
316.99208333333337	67359140.3003681
380.9920833333333	179318168.8043685
444.9916666666666	296730495.46956855
508.9916666666666	94960250.1037196
572.9916666666667	145726956.1395844
636.9916666666667	160061900.72086707
700.9916666666667	138714964.7984387
764.9916666666667	306712750.5188828
828.9916666666667	368169151.2606778
892.9916666666667	21792090.043213427
956.9916666666667	248738598.63370335
1020.9916666666667	316616945.1408478
1084.9916666666666	142221620.88329086
1148.9916666666666	264177338.84212053
1212.9916666666666	413387735.155023
1276.9916666666666	154882014.1625986
1340.9916666666666	158885436.30802172
1404.9916666666668	162794908.65718612
1468.9916666666668	166616873.85877645
1532.9916666666668	378117310.0285015
1596.9916666666668	174024484.4587303
1660.9916666666668	377305289.0919658
1724.9916666666668	101578600.5715105
1788.9916666666668	271710719.0975724
1852.9916666666668	188037042.8047953
1916.9916666666668	429245428.9389684
1980.9916666666668	82141400.83376135
2044.9916666666668	366827369.8367448
2108.991666666667	350827793.07211363
2172.991666666667	204396026.01222086
2236.991666666667	264066963.00640506
2300.991666666667	379288939.2999777
2364.991666666667	459573901.96671224
2428.991666666667	87764335.32148945
2492.991666666667	288980003.21603686
2556.991666666667	222825336.34458113
2620.991666666667	225804125.6869851
2684.991666666667	145543680.33057868
2748.991666666667	231698187.59576446
2812.991666666667	451177677.459885
2876.991666666667	237519010.22201517
2940.991666666667	391955135.8557024
3004.991666666667	152540779.35115772
3068.991666666667	246137962.7747928
3132.991666666667	18606637.831772834
3196.991666666667	254998006.25361377
3260.991666666667	63791887.35514957
3324.991666666667	102905254.63661921
3388.991666666667	18861392.204402506
3452.991666666667	263095263.82945153
3516.991666666667	397079760.1255803
3580.991666666667	231887453.1982655
3650.0	350370817.49771315
3714.0	52870949.436045766
3778.0	227470624.27810147
3842.0	148779312.43046653
3906.0	365180774.93757486
3970.0	248448094.63777748
4034.0	288424511.00431275
4098.0	291210423.4233365
4162.0	293997733.4407506
4226.0	296785908.07292485
4290.0	299576357.2538301
4354.0	302369668.98874485
4418.0	305165523.374914
4482.0	307964641.9676603
4546.0	310766807.18971515
4610.0	313573941.2485879
4674.0	316384920.3660676
4738.0	319200765.7977119
4802.0	322021495.22140443
4866.0	324847162.104427
4930.0	327677857.4098492
4994.0	330514885.0612758
5058.0	333357283.00328684
5122.0	336206480.25779885
5186.0	339060327.52895206
5250.0	341921580.3480016
5314.0	344790655.7024004
5378.0	347665424.54176015
5442.0	350547599.16987944
5506.0	353436347.3857875
5570.0	356334897.29313457
5634.0	359238392.2972292
5698.0	362150131.0718024
5762.0	365070788.2935507
5826.0	367999646.0533107
5890.0	370934479.3843298
5954.0	373880449.78449535
6018.0	376832388.5205003
6082.0	379794111.82235944
6146.0	382763401.0183122
6210.0	385742709.46892184
6274.0	388728167.0547055
6338.0	391725570.14173484
6402.0	394731047.9447139
6466.0	397743901.4863828
6530.0	400766857.2159577
6594.0	403799320.9293648
6658.0	406840674.9565253
6722.0	409893888.2770246
6786.0	412952960.76070493
6850.0	416022700.89089435
6914.0	419102560.3952134
6978.0	422191969.318306
7042.0	425290335.70223016
7106.0	428399017.1894345
7170.0	431517463.2993539
7234.0	434645102.3892468
7300.0	437882267.2112007
7364.0	441030036.2245989
7428.0	444187347.2013509
7492.0	447357933.14076734
7556.0	450534846.66372013
7620.0	453724022.9539432
7684.0	456922776.4247508
7748.0	460132826.8299062
7812.0	463351387.9400018
7876.0	466582543.2489166
7940.0	469823501.2716356
8004.0	473073726.3737058
8068.0	476332663.6456929
8132.0	479607153.0831864
8196.0	482889389.4954453
8260.0	486181301.1774782
8324.0	489484934.54440796
8388.0	492799847.9522006
8452.0	496125582.96100944
8516.0	499461664.078591
8580.0	502807598.51110023
8644.0	506165628.72217983
8708.0	509532547.25745326
8772.0	512910635.6674675
8836.0	516302307.1107868
8900.0	519704305.7616323
8964.0	523116148.725815
9028.0	526537336.2699547
9092.0	529973387.2651337
9156.0	533417889.27202654
9220.0	536873389.7747666
9284.0	540342578.955218
9348.0	543821938.0881422
9412.0	547310989.6818249
9476.0	550812499.9077023
9540.0	554322782.1915964
9604.0	557847998.2522142
9668.0	561381088.2904247
9732.0	564928353.2492726
9796.0	568486006.0739983
9860.0	572057104.389277
9924.0	575637746.4538482
9988.0	579227444.0617919
10052.0	582829343.1133891
10116.0	586446755.120665
10180.0	590071937.9455806
10244.0	593711917.5575542
10308.0	597358740.4808966
10372.0	601019589.4455041
10436.0	604694153.0511243
10500.0	608378131.0263083
10564.0	612075067.6356385
10628.0	615780539.2607211
10692.0	619502283.0164121
10756.0	623231725.4235784
10820.0	626976775.3358526
10884.0	630728633.8644519
10950.0	634616525.0717988
11014.0	638394963.0927631
11078.0	642183212.8202795
11142.0	645985302.583427
11206.0	649800922.1968096
11270.0	653629750.0818508
11334.0	657466808.5477659
11398.0	661316288.0640403
11462.0	665182584.4392682
11526.0	669055874.5446253
11590.0	672940474.786553
11654.0	676840912.2831342
11718.0	680751971.125579
11782.0	684673232.2865283
11846.0	688609358.6996111
11910.0	692554927.4805757
11974.0	696514694.3198324
12038.0	700488367.6872941
12102.0	704470313.1743633
12166.0	708465429.05734
12230.0	712478844.385619
12294.0	716499376.2993544
12358.0	720532070.5159533
12422.0	724576568.4243668
12486.0	728632499.9561946
12550.0	732705251.7233602
12614.0	736788790.8643633
12678.0	740882713.6157033
12742.0	744992567.5346774
12806.0	749112093.4031283
12870.0	753240852.4219575
12934.0	757390720.2389662
12998.0	761542945.7369541
13062.0	765715749.4644386
13126.0	769896319.5440717
13190.0	774097034.7201585
13254.0	778304787.4594803
13318.0	782519056.3362199
13382.0	786752607.7331833
13446.0	790998601.7831283
13510.0	795263492.1336807
13574.0	799533409.0838422
13638.0	803814712.479204
13702.0	808114045.3108444
13766.0	812424156.1864265
13830.0	816744651.1198105
13894.0	821082368.6317128
13958.0	825429802.1729325
14022.0	829793923.7197276
14086.0	834167053.4220471
14150.0	838556298.7386442
14214.0	842953803.443602
14278.0	847366812.5025461
14342.0	851787290.2731425
14406.0	856230498.3983426
14470.0	860680505.7049489
14534.0	865144840.2949018
14600.0	869761382.3935541
14664.0	874254964.3458767
14728.0	878762028.9340445
14792.0	883273889.705745
14856.0	887806912.882684
14920.0	892352478.8287741
14984.0	896910255.5186585
15048.0	901479901.2447056
15112.0	906069885.3599627
15176.0	910662294.3679515
15240.0	915274489.692724
15304.0	919897270.8838698
15368.0	924530248.089291
15432.0	929182297.6987975
15496.0	933843918.850573
15560.0	938520370.6538167
15624.0	943210437.7212949
15688.0	947913823.622502
15752.0	952630223.1007174
15816.0	957360306.7472645
15880.0	962104775.2314781
15944.0	966862351.0864346
16008.0	971633737.4711822
16072.0	976416595.512315
16136.0	981213669.3994055
16200.0	986023637.1480614
16264.0	990848292.1133729
16328.0	995687370.9186485
16392.0	1000539526.4907321
16456.0	1005405533.847665
16520.0	1010285104.8325447
16584.0	1015179050.2246954
16648.0	1020084861.0479568
16712.0	1025004449.2017521
16776.0	1029937525.0032606
16840.0	1034884941.1825398
16904.0	1039845262.6872795
16968.0	1044820520.6764991
17032.0	1049810459.1614194
17096.0	1054813618.9443741
17160.0	1059830901.1656772
17224.0	1064860807.7317902
17288.0	1069904246.1144958
17352.0	1074963403.3546624
17416.0	1080035538.8754299
17480.0	1085120340.5007014
17544.0	1090220041.8003585
17608.0	1095333096.5937655
17672.0	1100459203.9398234
17736.0	1105601994.8230596
17800.0	1110759936.6553762
17864.0	1115930102.5695693
17928.0	1121114860.5667226
17992.0	1126311218.3057308
18056.0	1131521577.4536808
18120.0	1136745655.9290597
18184.0	1141984565.1119246
18250.0	1147404941.2969117
18314.0	1152674263.8861942
18378.0	1157959069.8523357
18442.0	1163256209.5043695
18506.0	1168566821.2841928
18570.0	1173892088.9018407
18634.0	1179231748.066553
18698.0	1184585527.1137567
18762.0	1189953146.9157217
18826.0	1195335856.0147114
18890.0	1200733401.7678158
18954.0	1206145524.3958514
19018.0	1211570379.6848714
19082.0	1217009242.140864
19146.0	1222463435.445184
19210.0	1227931093.1935768
19274.0	1233413553.2078488
19338.0	1238910554.8613412
19402.0	1244421830.3960402
19466.0	1249948783.547474
19530.0	1255492870.422294
19594.0	1261048765.8346994
19658.0	1266619575.7743
19722.0	1272205041.8748465
19786.0	1277803144.39766
19850.0	1283415334.353845
19914.0	1289043117.1542153
19978.0	1294684451.5539136
20042.0	1300342676.9294183
20106.0	1306013921.5688026
20170.0	1311699725.6570098
20234.0	1317399821.4264634
20298.0	1323115815.0958917
20362.0	1328847473.7878299
20426.0	1334592644.363699
20490.0	1340352961.5376978
20554.0	1346130119.3746
20618.0	1351919981.0060143
20682.0	1357724210.2926645
20746.0	1363542533.885833
20810.0	1369374671.477047
20874.0	1375222367.7842643
20938.0	1381085380.4253027
21002.0	1386963460.526542
21066.0	1392858437.1618433
21130.0	1398767999.1764667
21194.0	1404691878.1218488
21258.0	1410631936.8086393
21322.0	1416583635.0995607
21386.0	1422553152.7137375
21450.0	1428535918.1893687
21514.0	1434531629.0767553
21578.0	1440544435.1397543
21642.0	1446571883.2916212
21706.0	1452613706.5327203
21770.0	1458671917.3662734
21834.0	1464746292.6292598
21900.0	1471027232.8947997
21964.0	1477130140.6413665
22028.0	1483250803.374254
22092.0	1489384264.4254825
22156.0	1495535016.4691732
22220.0	1501698011.7303655
22284.0	1507877808.9022064
22348.0	1514071730.9053333
22412.0	1520281980.577906
22476.0	1526508331.8474085
22540.0	1532748028.425262
22604.0	1539003315.2165334
22668.0	1545276513.3517296
22732.0	1551564848.2672935
22796.0	1557868063.4197662
22860.0	1564185895.967164
22924.0	1570518076.7020974
22988.0	1576864329.985508
23052.0	1583224373.6810756
23116.0	1589603349.0649652
23180.0	1595998355.1987956
23244.0	1602409156.9272044
23308.0	1608835513.1610458
23372.0	1615277176.8116546
23436.0	1621733894.725551
23500.0	1628205407.6196253
23564.0	1634691450.0168555
23628.0	1641194644.2668147
23692.0	1647714781.405823
23756.0	1654248706.642339
23820.0	1660796129.93056
23884.0	1667362728.9232895
23948.0	1673942320.7282968
24012.0	1680540665.4364808
24076.0	1687151474.053721
24140.0	1693777507.5417604
24204.0	1700421616.9024096
24268.0	1707080482.4009745
24332.0	1713753836.6598473
24396.0	1720441406.1638973
24460.0	1727146116.3559756
24524.0	1733867756.2182412
24588.0	1740609364.6558914
24652.0	1747364234.4747403
24716.0	1754135368.4489157
24780.0	1760922533.610417
24844.0	1767722133.8171234
24908.0	1774540613.8822403
24972.0	1781374391.9994764
25036.0	1788223212.2877047
25100.0	1795086812.9898732
25164.0	1801964926.4149287
25228.0	1808860794.494387
25292.0	1815774218.2293003
25356.0	1822701423.862343
25420.0	1829642120.3318539
25484.0	1836603258.899468
25550.0	1843796535.5527773
25614.0	1850788710.377629
25678.0	1857797034.6290512
25742.0	1864825007.702265
25806.0	1871864942.1746178
25870.0	1878924091.461428
25934.0	1885998465.6712399
25998.0	1893087805.7316523
26062.0	1900195726.4216225
26126.0	1907314227.017773
26190.0	1914450819.7054086
26254.0	1921601342.9659007
26318.0	1928773503.2506511
26382.0	1935959131.6008306
26446.0	1943161986.0615635
26510.0	1950381852.0706694
26574.0	1957618509.9249437
26638.0	1964867586.5299323
26702.0	1972141296.324491
26766.0	1979422749.3886387
26830.0	1986724241.7549632
26894.0	1994041348.256834
26958.0	2001373817.2114995
27022.0	2008721391.420433
27086.0	2016088175.3854158
27150.0	2023469597.5094008
27214.0	2030865384.2750797
27278.0	2038279720.3823106
27342.0	2045716915.1796057
27406.0	2053163287.0225756
27470.0	2060627566.5915651
27534.0	2068109551.8318985
27598.0	2075604406.8975472
27662.0	2083116481.7752914
27726.0	2090650255.3940992
27790.0	2098196146.8179688
27854.0	2105758591.1575634
27918.0	2113337355.9102945
27982.0	2120937036.7491615
28046.0	2128547758.9087274
28110.0	2136178976.0997021
28174.0	2143825602.1690476
28238.0	2151487378.9401026
28302.0	2159169051.98552
28366.0	2166865414.653448
28430.0	2174581273.9207
28494.0	2182311341.7356935
28558.0	2190055333.6017003
28622.0	2197818149.462638
28686.0	2205594376.969144
28750.0	2213394242.929687
28814.0	2221207061.5960345
28878.0	2229037860.106977
28942.0	2236886434.0541606
29006.0	2244747160.21535
29070.0	2252630614.880546
29134.0	2260531203.1692877
29200.0	2268692005.4213963
29264.0	2276627890.666813
29328.0	2284580233.8936095
29392.0	2292543149.6748414
29456.0	2300527649.543567
29520.0	2308527877.159329
29584.0	2316543579.0035534
29648.0	2324580302.4288573
29712.0	2332632058.0567093
29776.0	2340698577.377731
29840.0	2348785514.1605124
29904.0	2356886743.5602517
29968.0	2365001981.668559
30032.0	2373136990.2698927
30096.0	2381291599.4239197
30160.0	2389459500.345433
30224.0	2397640388.3949547
30288.0	2405846391.4613657
30352.0	2414064925.63256
30416.0	2422308279.5073814
30480.0	2430570037.695368
30544.0	2438843608.5784235
30608.0	2447141525.1473665
30672.0	2455450751.8977146
30736.0	2463777464.696538
30800.0	2472121443.9236565
30864.0	2480482465.310032
30928.0	2488860299.8944936
30992.0	2497254713.9807196
31056.0	2505658723.2433043
31120.0	2514092321.941172
31184.0	2522535024.3636627
31248.0	2531000206.2554464
31312.0	2539480819.0216036
31376.0	2547976600.3795733
31440.0	2556487283.0166116
31504.0	2565019663.776648
31568.0	2573566490.2762895
31632.0	2582141808.376651
31696.0	2590723982.2850513
31760.0	2599327096.3908877
31824.0	2607950998.3888946
31888.0	2616595532.188272
31952.0	2625245727.5626245
32016.0	2633923489.0166874
32080.0	2642613788.215517
32144.0	2651323856.99282
32208.0	2660045915.296806
32272.0	2668794937.227181
32336.0	2677555481.2655253
32400.0	2686327206.1007466
32464.0	2695125373.8323975
32528.0	2703942082.638136
32592.0	2712769222.4671984
32656.0	2721622348.680114
32720.0	2730493394.0556383
32784.0	2739374079.7415924
32850.0	2748564329.8053417
32914.0	2757481444.9169865
32978.0	2766423715.3015714
33042.0	2775382790.1355233
33106.0	2784358431.168784
33170.0	2793350395.5605373
33234.0	2802358435.841061
33298.0	2811390792.3214264
33362.0	2820430277.965133
33426.0	2829493671.3740325
33490.0	2838580872.0546503
33554.0	2847674350.1731696
33618.0	2856791201.667505
33682.0	2865931314.859494
33746.0	2875085693.2388654
33810.0	2884262986.80135
33874.0	2893454077.785107
33938.0	2902658668.533934
34002.0	2911885566.7481585
34066.0	2921125469.914681
34130.0	2930387292.410144
34194.0	2939661607.2142973
34258.0	2948966780.346217
34322.0	2958274630.15577
34386.0	2967613035.1065516
34450.0	2976962972.06004
34514.0	2986333682.5820036
34578.0	2995725001.509766
34642.0	3005127056.7093196
34706.0	3014559021.176956
34770.0	3024001250.427418
34834.0	3033463266.6602993
34898.0	3042944884.9583344
34962.0	3052435905.33398
35026.0	3061956094.9615784
35090.0	3071485171.6897235
35154.0	3081032945.162416
35218.0	3090609472.911155
35282.0	3100194082.8765798
35346.0	3109807152.026031
35410.0	3119427744.9482884
35474.0	3129076486.775418
35538.0	3138732176.0557346
35602.0	3148415688.4930263
35666.0	3158116270.2546535
35730.0	3167844465.8487945
35794.0	3177578534.437414
35858.0	3187328945.797919
35922.0	3197106431.485598
35986.0	3206899888.166601
36050.0	3216709056.875999
36114.0	3226544859.920425
36178.0	3236384726.118399
36242.0	3246250823.491001
36306.0	3256143082.0075235
36370.0	3266038506.3413596
36434.0	3275959664.919787
36500.0	3286219739.432109
36564.0	3296170680.535798
36628.0	3306146835.2038026
36692.0	3316148113.1493587
36756.0	3326162534.153577
36820.0	3336189786.873307
36884.0	3346241586.1678863
36948.0	3356305724.6862454
37012.0	3366394053.6991625
37076.0	3376506462.5979867
37140.0	3386630514.506292
37204.0	3396778268.2980156
37268.0	3406949603.347463
37332.0	3417144396.01869
37396.0	3427349898.1552067
37460.0	3437578450.495477
37524.0	3447817146.322661
37588.0	3458091317.564527
37652.0	3468362276.2403026
37716.0	3478655421.8693924
37780.0	3488970605.291941
37844.0	3499307674.0788164
37908.0	3509653237.5653195
37972.0	3520033528.154487
38036.0	3530421834.4601226
38100.0	3540831224.4159017
38164.0	3551247977.0907927
38228.0	3561698939.730074
38292.0	3572170463.934837
38356.0	3582662368.807391
38420.0	3593160597.6551776
38484.0	3603678671.912145
38548.0	3614230434.058796
38612.0	3624787699.1421776
38676.0	3635378420.630545
38740.0	3645974077.51118
38804.0	3656602946.0526333
38868.0	3667250616.0467734
38932.0	3677902339.228244
38996.0	3688586881.8080616
39060.0	3699289572.0147486
39124.0	3709995395.2533526
39188.0	3720733614.4210253
39252.0	3731489292.406077
39316.0	3742262191.8224297
39380.0	3753067205.5908933
39444.0	3763873906.944391
39508.0	3774697093.8102646
39572.0	3785551910.044728
39636.0	3796422877.5083375
39700.0	3807325310.5721292
39764.0	3818227883.553489
39828.0	3829161567.72766
39892.0	3840110515.856638
39956.0	3851090386.6994653
40020.0	9235685566.00797
40084.0	4025100042.5876837
40150.0	4388473522.32905
40214.0	8061331004.547894
40278.0	8785412608.774979
40342.0	3917667933.0371876
40406.0	11361553497.574709
40470.0	3666067409.3608084
40534.0	6222736229.887545
40598.0	2296644922.999943
40662.0	3973380628.8782816
40726.0	1281712518.6581297
40790.0	3304828175.580271
40854.0	4007064654.204037
40918.0	9907309625.423662
40982.0	4510205746.940349
41046.0	1969444160.9321003
41110.0	3081469933.1294403
41174.0	932908154.8395185
41238.0	847057017.2868695
41302.0	4086305167.0356803
41366.0	3392877722.5959406
41430.0	8592008039.281181
41494.0	5546518383.913727
41558.0	4132023019.197507
41622.0	5680579825.575475
41685.833333333336	4155008012.9112678
41750.0	9704255597.800766
41814.166666666664	4178062582.910811
41877.916666666664	7593904167.03467
41942.083333333336	4201222700.5102987
42005.833333333336	3087312441.942955
42070.0	4224430082.855058
42134.166666666664	949983271.2021027
42197.916666666664	4247740182.0324893
42262.083333333336	2822022587.8687153
42325.833333333336	777818593.2683372
42390.0	2750509461.5123024
42454.166666666664	1123602136.2405348
42517.916666666664	4760748506.58615
42582.083333333336	862539562.4698815
42645.833333333336	4329910139.495717
42710.0	11129094740.626518
42774.166666666664	2287702729.037179
42837.916666666664	1365086962.6488347
42902.083333333336	9650765008.330076
42965.833333333336	7855544529.954447
43030.0	11483110974.173153
43094.166666666664	139478782.59983587
43157.916666666664	998843405.1060729
43222.083333333336	4437024103.338847
43285.833333333336	1389020362.6576457
43350.0	510732580.45682573
43414.166666666664	2874395347.0908594
43477.916666666664	4485178019.055186
43542.083333333336	1150242629.9385548
43605.833333333336	9233694411.99451
43670.0	4465566712.729858
43734.166666666664	8655931714.52484
43800.0	436968363.23129225
43864.166666666664	4652542530.0261345
43927.916666666664	4570574109.867241
43992.083333333336	4582794715.730096
44055.833333333336	4595035473.003626
44120.0	8477806601.709407
44184.166666666664	4619576631.743237
44247.916666666664	11112671488.412975
44312.083333333336	4644219107.101565
44375.833333333336	10246771043.531017
44440.0	10426922977.84928
44504.166666666664	3081797075.2535095
44567.916666666664	10897425705.189198
44632.083333333336	6498380766.835781
44695.833333333336	5320136960.393642
44760.0	4731097986.691913
44824.166666666664	8655211979.94976
44887.916666666664	5211903745.160372
44952.083333333336	4768647152.96432
45015.833333333336	9784705495.098042
45080.0	3925054461.975733
45144.166666666664	8298039535.79023
45207.916666666664	5715934484.422816
45272.083333333336	11192648565.47483
45335.833333333336	5985473809.205517
45400.0	4857017648.792898
45464.166666666664	2738845171.6405077
45527.916666666664	9764763557.274904
45592.083333333336	12199712270.12084
45655.833333333336	2951213970.982074
45720.0	3678699503.8417087
45784.166666666664	1701689184.5237446
45847.916666666664	4946358192.816922
45912.083333333336	3434206308.5555916
45975.833333333336	538316843.2041922
46040.0	7382457581.397809
46104.166666666664	4997862005.724692
46167.916666666664	10013276893.317463
46232.083333333336	11422596955.661732
46295.833333333336	5379348773.3164215
46360.0	5049709803.990334
46424.166666666664	6561205088.190066
46487.916666666664	5097470078.144699
46552.083333333336	814422832.4610167
46615.833333333336	3494683552.026717
46680.0	3787894498.4813185
46744.166666666664	4048121996.9173503
46807.916666666664	5985536459.919589
46872.083333333336	11959898174.496159
46935.833333333336	5167609825.787867
47000.0	5180813417.968118
47064.166666666664	1975415104.141086
47127.916666666664	6989373246.094322
47192.083333333336	8556745907.958147
47255.833333333336	5233867940.097662
47320.0	5494038493.803944
47384.166666666664	985624626.4696674
47450.0	7719738956.157673
47514.166666666664	4698134433.683662
47577.916666666664	8575711089.180286
47642.083333333336	5314471747.860365
47705.833333333336	6486042810.910596
47770.0	6618872332.829377
47834.166666666664	5354864472.877762
47897.916666666664	5368393253.8331995
47962.083333333336	2879451660.0296507
48025.833333333336	5395469256.354039
48090.0	3568772251.748577
48154.166666666664	9539018914.107779
48217.916666666664	10745468739.982079
48282.083333333336	5449874482.321937
48345.833333333336	2031613883.7296195
48410.0	9684683134.795586
48474.166666666664	5490901750.1330185
48537.916666666664	5504639153.299107
48602.083333333336	5518380025.638565
48665.833333333336	345914411.8299265
48730.0	7958821966.215872
48794.166666666664	4195614022.8968253
48857.916666666664	2060603941.6058483
48922.083333333336	5587421893.762661
48985.833333333336	7290384190.565209
49050.0	10434343855.187798
49114.166666666664	5629124116.0064745
49177.916666666664	13039096639.025621
49242.083333333336	5657009529.750284
49305.833333333336	3067952337.1569996
49370.0	12083207229.478966
49434.166666666664	558468542.193677
49497.916666666664	5713056313.381539
49562.083333333336	2841062292.0142517
49625.833333333336	984603898.1307487
49690.0	842354186.2385483
49754.166666666664	5769473603.308122
49817.916666666664	5783635648.021964
49882.083333333336	9600097395.591314
49945.833333333336	2109908911.6581283
50010.0	12007010959.930525
50074.166666666664	5840472817.229964
50137.916666666664	4547149671.987416
50202.083333333336	5834793031.3235
50265.833333333336	3247429399.6049905
50330.0	6177205398.843158
50394.166666666664	2011818563.9734979
50457.916666666664	1590729905.8056765
50522.083333333336	11568797555.830666
50585.833333333336	4027616124.8772974
50650.0	238950603.44634438
50714.166666666664	10704772488.670517
50777.916666666664	5998652054.089541
50842.083333333336	1300392615.5105972
50905.833333333336	8976395601.89493
50970.0	6042230606.913151
51034.166666666664	5975647976.307994
51100.0	4773778979.4683075
51164.166666666664	4017419681.278805
51227.916666666664	6101129927.851104
51292.083333333336	7268554286.936699
51355.833333333336	3451877046.56691
51420.0	6145241761.928336
51484.166666666664	6159965482.65942
51547.916666666664	6174759927.577501
51612.083333333336	6189502117.113771
51675.833333333336	6204314868.833972
51740.0	6219157132.268937
51804.166666666664	6234028821.472181
51867.916666666664	7914659179.165424
51932.083333333336	7481571542.423056
51995.833333333336	6278692478.9284725
52060.0	542193500.9361372
52124.166666666664	6980147694.009808
52187.916666666664	9622826773.28768
52252.083333333336	2614004886.644158
52315.833333333336	10897426912.080368
52380.0	13451175370.492054
52444.166666666664	9559095143.260094
52507.916666666664	11957684575.0578
52572.083333333336	6413954480.162961
52635.833333333336	292512205.4770241
52700.0	7401187463.715049
52764.166666666664	10701517147.994387
52827.916666666664	9796256253.889402
52892.083333333336	12729714517.315098
52955.833333333336	4566018842.202715
53020.0	6520407359.349053
53084.166666666664	6535700796.6464405
53147.916666666664	6551020031.421679
53212.083333333336	2105103971.7034626
53275.833333333336	11034604853.887657
53340.0	9579780727.055323
53404.166666666664	6612599042.559266
53467.916666666664	6628045299.349418
53532.083333333336	2702764470.371338
53595.833333333336	703485865.4094162
53660.0	8281129847.125212
53724.166666666664	5697694468.394855
53787.916666666664	10540705321.445486
53852.083333333336	6721191756.0521
53915.833333333336	8716673141.187506
53980.0	839159557.6541586
54044.166666666664	2652107666.0555534
54107.916666666664	880237732.5271416
54172.083333333336	235893376.4568596
54235.833333333336	720484893.6658554
54300.0	2476865119.3261833
54364.166666666664	6846631587.479651
54427.916666666664	12861176231.160336
54492.083333333336	6878256336.146969
54555.833333333336	6894101918.118256
54620.0	13818635092.96894
54684.166666666664	6925806958.156632
54750.0	6942183321.7272835
54814.166666666664	10771136070.94503
54877.916666666664	13894931225.762173
54942.083333333336	6990047503.0721655
55005.833333333336	10964571067.490776
55070.0	7022060411.230253
55134.166666666664	6785138617.426366
55197.916666666664	12447261679.352312
55262.083333333336	1644499805.143548
55325.833333333336	10553169292.923853
55390.0	7102495954.181585
55454.166666666664	7118630459.030041
55517.916666666664	10418801225.326805
55582.083333333336	13299082356.144575
55645.833333333336	1463696349.464532
55710.0	14343493587.401554
55774.166666666664	6478968896.032782
55837.916666666664	4223659294.854005
55902.083333333336	9157706006.511528
55965.833333333336	11932788226.84943
56030.0	2147377791.8524103
56094.166666666664	8753252616.148813
56157.916666666664	14299050230.186947
56222.083333333336	2736888577.852417
56285.833333333336	7330977084.960272
56350.0	616354783.5271921
56414.166666666664	14725812691.695442
56477.916666666664	6124050329.916853
56542.083333333336	7397109060.190007
56605.833333333336	2102417020.7593212
56670.0	8606109715.644102
56734.166666666664	2439478048.8656654
56797.916666666664	14293622184.193344
56862.083333333336	9216143700.311659
56925.833333333336	14494954838.29004
56990.0	3101666821.1475687
57054.166666666664	1310336515.3958473
57117.916666666664	7206562123.166682
57182.083333333336	6513470400.169476
57245.833333333336	7806818422.634879
57310.0	7597773517.862187
57374.166666666664	7614681771.534613
57437.916666666664	5249308335.840794
57502.083333333336	7648473627.132955
57565.833333333336	11474056279.129711
57630.0	10975800973.653723
57694.166666666664	8083985268.878793
57757.916666666664	8169238030.880202
57822.083333333336	14787548510.861065
57885.833333333336	9960498844.444576
57950.0	7767652877.672171
58014.166666666664	13847276518.02935
58077.916666666664	7801968856.098973
58142.083333333336	9873382191.595161
58205.833333333336	11850747576.309532
58270.0	2555646019.1401367
58334.166666666664	5208824577.885672
58400.0	1496202650.513112
58464.166666666664	13601552205.88898
58527.916666666664	2892332880.6207724
58592.083333333336	5779492195.873985
58655.833333333336	2326321497.6521683
58720.0	8636001486.56672
58784.166666666664	8629395997.322886
58847.916666666664	11905566274.011839
58912.083333333336	2627295906.684187
58975.833333333336	14540092216.347607
59040.0	8681106468.509197
59104.166666666664	730661772.4933853
59167.916666666664	2185305929.295969
59232.083333333336	6082795615.301598
59295.833333333336	15613308880.541504
59360.0	6054821443.251569
59424.166666666664	6009995458.939741
59487.916666666664	13385736327.029442
59552.083333333336	3794224510.0424128
59615.833333333336	4904932004.615871
59680.0	6704073859.973611
59744.166666666664	14588379874.452442
59807.916666666664	14319217221.03726
59872.083333333336	8292541987.1521435
59935.833333333336	2609712636.8986797
60000.0	8328309051.76729
60064.166666666664	8346158842.492704
60127.916666666664	10530212426.57509
60192.083333333336	5901399336.789806
60255.833333333336	7505266961.498772
60320.0	15338064149.12983
60384.166666666664	3506277693.5720453
60447.916666666664	15898438400.983128
60512.083333333336	7094934606.105345
60575.833333333336	8490442767.490868
60640.0	7104953692.063802
60704.166666666664	12802518372.115807
60767.916666666664	8544853192.2258415
60832.083333333336	5009749564.875748
60895.833333333336	9317180250.678215
60960.0	3146534333.267397
61024.166666666664	3352184392.5450315
61087.916666666664	6462499773.539988
61152.083333333336	2436979845.4783735
61215.833333333336	8672893411.1512
61280.0	7328305799.020606
61344.166666666664	5203069788.297308
61407.916666666664	14560413189.488163
61472.083333333336	8746575552.77422
61535.833333333336	8765109574.542263
61600.0	1446566529.9362478
61664.166666666664	13805685477.482843
61727.916666666664	2995893834.759882
61792.083333333336	9781758886.373009
61855.833333333336	8336225870.303828
61920.0	8876629643.331741
61984.166666666664	12218670874.510132
62050.0	4303120546.553936
62114.166666666664	13617664638.407452
62177.916666666664	8952021015.18825
62242.083333333336	9540882243.209644
62305.833333333336	15818776840.90181
62370.0	5307508487.839148
62434.166666666664	2614951006.103489
62497.916666666664	12312615360.74891
62562.083333333336	4918854657.3407345
62625.833333333336	8995323676.96939
62690.0	5835652393.720552
62754.166666666664	1929123594.510316
62817.916666666664	9140878879.205303
62882.083333333336	7033794964.201952
62945.833333333336	15005129007.422781
63010.0	16216483531.789106
63074.166666666664	15697337249.614134
63137.916666666664	9236310870.282803
63202.083333333336	1818358422.177061
63265.833333333336	9274600293.416443
63330.0	12370133885.758163
63394.166666666664	9313115304.541462
63457.916666666664	9332352647.642052
63522.083333333336	16808276483.018286
63585.833333333336	9370972389.86323
63650.0	11163178181.37149
63714.166666666664	4625303597.021319
63777.916666666664	9910890640.115128
63842.083333333336	9448507287.608845
63905.833333333336	9467923345.310747
63970.0	9487419364.758165
64034.166666666664	12464237537.870113
64097.916666666664	2133076146.960472
64162.083333333336	11944053016.891624
64225.833333333336	9628527781.626629
64290.0	9585227811.817528
64354.166666666664	8953976433.404888
64417.916666666664	13062201735.441486
64482.083333333336	9874563550.217216
64545.833333333336	9663854806.44238
64610.0	11682873263.156273
64674.166666666664	5253706087.562989
64737.916666666664	2836886683.280135
64802.083333333336	13519494090.96532
64865.833333333336	9762793475.826818
64930.0	3213396759.4487743
64994.166666666664	16238335889.902264
65057.916666666664	7715438880.358767
65122.083333333336	9842499020.125492
65185.833333333336	9862420151.365362
65250.0	16428435872.232853
65314.166666666664	5960964657.525179
65377.916666666664	3789150443.697488
65442.083333333336	9942599002.681921
65505.833333333336	5695077415.336247
65570.0	11576849573.675568
65634.16666666667	9892302710.04287
65700.0	3960802378.6551323
65764.16666666667	10043997160.044533
65827.91666666667	2618995103.7420597
65892.08333333333	5808574391.321543
65955.83333333333	14929959758.750256
66020.0	11828187580.520817
66084.16666666667	5047985408.970337
66147.91666666667	5352087994.759427
66212.08333333333	15996473457.919365
66275.83333333333	10206688214.55334
66340.0	14691387645.19789
66404.16666666667	16011169552.076431
66467.91666666667	10268172253.048319
66532.08333333333	7446310758.734697
66595.83333333333	3657072193.5784388
66660.0	3424089427.760626
66724.16666666667	10350506737.739346
66787.91666666667	14594035748.3647
66852.08333333333	7384704252.9967575
66915.83333333333	13509675690.711792
66980.0	8269948141.399708
67044.16666666667	8212255361.147436
67107.91666666667	14365522618.490139
67172.08333333333	11689027077.873335
67235.83333333333	10516586418.269865
67300.0	11441236137.232487
67364.16666666667	10558343522.757708
67427.91666666667	6285538004.069421
67492.08333333333	11790820195.064064
67555.83333333333	5278414669.015544
67620.0	7344686491.762436
67684.16666666667	17179971613.110973
67747.91666666667	8122882164.652449
67812.08333333333	6042630234.564274
67875.83333333333	6747067711.633843
67940.0	10747573384.96058
68004.16666666667	8400162925.043193
68067.91666666667	17792373037.40645
68132.08333333333	3461817981.9132843
68195.83333333333	16826564540.494467
68260.0	10853734327.444593
68324.16666666667	18278460797.315018
68387.91666666667	10896431044.97028
68452.08333333333	10917777547.850298
68515.83333333333	10939207852.043941
68580.0	10960593370.20299
68644.16666666667	11014171550.21849
68707.91666666667	11003486141.780125
68772.08333333333	4969679343.532374
68835.83333333333	11046584826.995758
68900.0	17874262403.00309
68964.16666666667	17229087064.692024
69027.91666666667	10788362458.751987
69092.08333333333	11133003957.55935
69155.83333333333	12686253090.62793
69220.0	11176319917.91011
69284.16666666667	5620237939.501374
69350.0	14185380622.966438
69414.16666666667	13512532764.45377
69477.91666666667	11264107290.094358
69542.08333333333	10578565629.678125
69605.83333333333	3997488449.5011168
69670.0	5105536522.481415
69734.16666666667	9083718612.60683
69797.91666666667	15001895728.71203
69862.08333333333	16873689471.7491
69925.83333333333	11593356359.052439
69990.0	15963293068.985113
70054.16666666667	11461642896.565886
70117.91666666667	17059306765.64161
70182.08333333333	7769228386.426752
70245.83333333333	11527941943.221523
70310.0	12223863558.38398
70374.16666666667	16414797270.845901
70437.91666666667	12304480895.920643
70502.08333333333	9906514171.244368
70565.83333333333	12025386606.886139
70630.0	15954066051.31309
70694.16666666667	11683805125.02412
70757.91666666667	8431196376.173117
70822.08333333333	11728713389.001492
70885.83333333333	11751074668.805275
70950.0	15833865736.196665
71014.16666666667	13007548364.103802
71077.91666666667	12742617302.20952
71142.08333333333	11279839590.062267
71205.83333333333	6444067268.9843855
71270.0	18943300019.912773
71334.16666666667	6875162556.7625475
71397.91666666667	14732122488.970627
71462.08333333333	18941034368.481483
71525.83333333333	17031613078.473732
71590.0	18670221826.514244
71654.16666666667	12900408998.175337
71717.91666666667	5901687332.371267
71782.08333333333	10417605887.372839
71845.83333333333	6351451240.880436
71910.0	18584691274.25289
71974.16666666667	16278236536.39722
72037.91666666667	14970870546.577635
72102.08333333333	13509774702.804417
72165.83333333333	7691782937.212987
72230.0	14569501245.013298
72294.16666666667	12252137448.251053
72357.91666666667	12275245846.608984
72422.08333333333	16479144119.268208
72485.83333333333	6243127895.851679
72550.0	12344605796.878311
72614.16666666667	12367900291.61136
72677.91666666667	12391117891.679491
72742.08333333333	12414422826.022043
72805.83333333333	15322884191.715805
72870.0	10711992049.036648
72934.16666666667	12535333668.713282
73000.0	15789337636.332054
