t(days)	RNP(psia2/cp-D/Mscf)
0.25	8116647.374101289
0.33040833333333336	216381411.49029213
0.4861958333333333	2608864.801773951
0.7977666666666666	239909474.5648393
1.4209083333333332	4695343.309827343
2.667195833333333	50415978.23257352
5.07725	172763352.02189437
9.897375	239278111.67788273
19.198041666666665	184068555.46037158
35.644875	23346507.916668877
66.05958333333334	222363687.48033866
124.99208333333333	98448111.85057193
188.99208333333334	9013437.164206773
252.99208333333334	288965945.57002205
316.99208333333337	79492592.37937364
380.9920833333333	76167147.7366324
444.9916666666666	187590805.12478292
508.9916666666666	71359982.8812137
572.9916666666667	291594211.11079425
636.9916666666667	229501804.25773355
700.9916666666667	277315020.89998466
764.9916666666667	371260001.9862971
828.9916666666667	123399247.01200272
892.9916666666667	359674674.83971953
956.9916666666667	351414721.9242508
1020.9916666666667	137751224.74883613
1084.9916666666666	268698272.65404737
1148.9916666666666	77369.49378851056
1212.9916666666666	150776299.6491076
1276.9916666666666	85302323.67507978
1340.9916666666666	158885436.30802172
1404.9916666666668	343165671.47934675
1468.9916666666668	37042632.29318416
1532.9916666666668	170358081.7113927
1596.9916666666668	174024484.4587303
1660.9916666666668	108636752.29993169
1724.9916666666668	181151898.88860813
1788.9916666666668	79709146.81926237
1852.9916666666668	268408009.63961864
1916.9916666666668	191398624.3692269
1980.9916666666668	326333630.90680844
2044.9916666666668	236487749.43413007
2108.991666666667	172237132.9973714
2172.991666666667	292442939.6445658
2236.991666666667	235759064.81263807
2300.991666666667	113992022.31124908
2364.991666666667	213742998.80670202
2428.991666666667	216796576.90959513
2492.991666666667	219823862.7540658
2556.991666666667	330072815.01495695
2620.991666666667	54365675.848733276
2684.991666666667	228761254.94517443
2748.991666666667	482610471.0304754
2812.991666666667	383356240.1178992
2876.991666666667	101245209.53651196
2940.991666666667	240405662.31093115
3004.991666666667	211133080.15725818
3068.991666666667	484120212.54068273
3132.991666666667	149733997.8918472
3196.991666666667	429494078.6704658
3260.991666666667	192705008.6683591
3324.991666666667	116486340.7073443
3388.991666666667	487871679.1381856
3452.991666666667	18594537.366847485
3516.991666666667	337394813.38811535
3580.991666666667	309003245.70177376
3650.0	271705372.18945765
3714.0	274494884.3100728
3778.0	217175828.1145405
3842.0	277855130.13069093
3906.0	126592680.08562738
3970.0	114328605.25926921
4034.0	288424511.00431275
4098.0	291210423.4233365
4162.0	293997733.4407506
4226.0	296785908.07292485
4290.0	299576357.2538301
4354.0	302369668.98874485
4418.0	305165523.374914
4482.0	307964641.9676603
4546.0	310766807.18971515
4610.0	313573941.2485879
4674.0	316384920.3660676
4738.0	319200765.7977119
4802.0	322021495.22140443
4866.0	324847162.104427
4930.0	327677857.4098492
4994.0	330514885.0612758
5058.0	333357283.00328684
5122.0	336206480.25779885
5186.0	339060327.52895206
5250.0	341921580.3480016
5314.0	344790655.7024004
5378.0	347665424.54176015
5442.0	350547599.16987944
5506.0	353436347.3857875
5570.0	356334897.29313457
5634.0	359238392.2972292
5698.0	362150131.0718024
5762.0	365070788.2935507
5826.0	367999646.0533107
5890.0	370934479.3843298
5954.0	373880449.78449535
6018.0	376832388.5205003
6082.0	379794111.82235944
6146.0	382763401.0183122
6210.0	385742709.46892184
6274.0	388728167.0547055
6338.0	391725570.14173484
6402.0	394731047.9447139
6466.0	397743901.4863828
6530.0	400766857.2159577
6594.0	403799320.9293648
6658.0	406840674.9565253
6722.0	409893888.2770246
6786.0	412952960.76070493
6850.0	416022700.89089435
6914.0	419102560.3952134
6978.0	422191969.318306
7042.0	425290335.70223016
7106.0	428399017.1894345
7170.0	431517463.2993539
7234.0	434645102.3892468
7300.0	437882267.2112007
7364.0	441030036.2245989
7428.0	444187347.2013509
7492.0	447357933.14076734
7556.0	450534846.66372013
7620.0	453724022.9539432
7684.0	456922776.4247508
7748.0	460132826.8299062
7812.0	463351387.9400018
7876.0	466582543.2489166
7940.0	469823501.2716356
8004.0	473073726.3737058
8068.0	476332663.6456929
8132.0	479607153.0831864
8196.0	482889389.4954453
8260.0	486181301.1774782
8324.0	489484934.54440796
8388.0	492799847.9522006
8452.0	496125582.96100944
8516.0	499461664.078591
8580.0	502807598.51110023
8644.0	506165628.72217983
8708.0	509532547.25745326
8772.0	512910635.6674675
8836.0	516302307.1107868
8900.0	519704305.7616323
8964.0	523116148.725815
9028.0	526537336.2699547
9092.0	529973387.2651337
9156.0	533417889.27202654
9220.0	536873389.7747666
9284.0	540342578.955218
9348.0	543821938.0881422
9412.0	547310989.6818249
9476.0	550812499.9077023
9540.0	554322782.1915964
9604.0	557847998.2522142
9668.0	561381088.2904247
9732.0	564928353.2492726
9796.0	568486006.0739983
9860.0	572057104.389277
9924.0	575637746.4538482
9988.0	579227444.0617919
10052.0	582829343.1133891
10116.0	586446755.120665
10180.0	590071937.9455806
10244.0	593711917.5575542
10308.0	597358740.4808966
10372.0	601019589.4455041
10436.0	604694153.0511243
10500.0	608378131.0263083
10564.0	612075067.6356385
10628.0	615780539.2607211
10692.0	619502283.0164121
10756.0	623231725.4235784
10820.0	626976775.3358526
10884.0	630728633.8644519
10950.0	634616525.0717988
11014.0	638394963.0927631
11078.0	642183212.8202795
11142.0	645985302.583427
11206.0	649800922.1968096
11270.0	653629750.0818508
11334.0	657466808.5477659
11398.0	661316288.0640403
11462.0	665182584.4392682
11526.0	669055874.5446253
11590.0	672940474.786553
11654.0	676840912.2831342
11718.0	680751971.125579
11782.0	684673232.2865283
11846.0	688609358.6996111
11910.0	692554927.4805757
11974.0	696514694.3198324
12038.0	700488367.6872941
12102.0	704470313.1743633
12166.0	708465429.05734
12230.0	712478844.385619
12294.0	716499376.2993544
12358.0	720532070.5159533
12422.0	724576568.4243668
12486.0	728632499.9561946
12550.0	732705251.7233602
12614.0	736788790.8643633
12678.0	740882713.6157033
12742.0	744992567.5346774
12806.0	749112093.4031283
12870.0	753240852.4219575
12934.0	757390720.2389662
12998.0	761542945.7369541
13062.0	765715749.4644386
13126.0	769896319.5440717
13190.0	774097034.7201585
13254.0	778304787.4594803
13318.0	782519056.3362199
13382.0	786752607.7331833
13446.0	790998601.7831283
13510.0	795263492.1336807
13574.0	799533409.0838422
13638.0	803814712.479204
13702.0	808114045.3108444
13766.0	812424156.1864265
13830.0	816744651.1198105
13894.0	821082368.6317128
13958.0	825429802.1729325
14022.0	829793923.7197276
14086.0	834167053.4220471
14150.0	838556298.7386442
14214.0	842953803.443602
14278.0	847366812.5025461
14342.0	851787290.2731425
14406.0	856230498.3983426
14470.0	860680505.7049489
14534.0	865144840.2949018
14600.0	869761382.3935541
14664.0	874254964.3458767
14728.0	878762028.9340445
14792.0	883273889.705745
14856.0	887806912.882684
14920.0	892352478.8287741
14984.0	896910255.5186585
15048.0	901479901.2447056
15112.0	906069885.3599627
15176.0	910662294.3679515
15240.0	915274489.692724
15304.0	919897270.8838698
15368.0	924530248.089291
15432.0	929182297.6987975
15496.0	933843918.850573
15560.0	938520370.6538167
15624.0	943210437.7212949
15688.0	947913823.622502
15752.0	952630223.1007174
15816.0	957360306.7472645
15880.0	962104775.2314781
15944.0	966862351.0864346
16008.0	971633737.4711822
16072.0	976416595.512315
16136.0	981213669.3994055
16200.0	986023637.1480614
16264.0	990848292.1133729
16328.0	995687370.9186485
16392.0	1000539526.4907321
16456.0	1005405533.847665
16520.0	1010285104.8325447
16584.0	1015179050.2246954
16648.0	1020084861.0479568
16712.0	1025004449.2017521
16776.0	1029937525.0032606
16840.0	1034884941.1825398
16904.0	1039845262.6872795
16968.0	1044820520.6764991
17032.0	1049810459.1614194
17096.0	1054813618.9443741
17160.0	1059830901.1656772
17224.0	1064860807.7317902
17288.0	1069904246.1144958
17352.0	1074963403.3546624
17416.0	1080035538.8754299
17480.0	1085120340.5007014
17544.0	1090220041.8003585
17608.0	1095333096.5937655
17672.0	1100459203.9398234
17736.0	1105601994.8230596
17800.0	1110759936.6553762
17864.0	1115930102.5695693
17928.0	1121114860.5667226
17992.0	1126311218.3057308
18056.0	1131521577.4536808
18120.0	1136745655.9290597
18184.0	1141984565.1119246
18250.0	1147404941.2969117
18314.0	1152674263.8861942
18378.0	1157959069.8523357
18442.0	1163256209.5043695
18506.0	1168566821.2841928
18570.0	1173892088.9018407
18634.0	1179231748.066553
18698.0	1184585527.1137567
18762.0	1189953146.9157217
18826.0	1195335856.0147114
18890.0	1200733401.7678158
18954.0	1206145524.3958514
19018.0	1211570379.6848714
19082.0	1217009242.140864
19146.0	1222463435.445184
19210.0	1227931093.1935768
19274.0	1233413553.2078488
19338.0	1238910554.8613412
19402.0	1244421830.3960402
19466.0	1249948783.547474
19530.0	1255492870.422294
19594.0	1261048765.8346994
19658.0	1266619575.7743
19722.0	1272205041.8748465
19786.0	1277803144.39766
19850.0	1283415334.353845
19914.0	1289043117.1542153
19978.0	1294684451.5539136
20042.0	1300342676.9294183
20106.0	1306013921.5688026
20170.0	1311699725.6570098
20234.0	1317399821.4264634
20298.0	1323115815.0958917
20362.0	1328847473.7878299
20426.0	1334592644.363699
20490.0	1340352961.5376978
20554.0	1346130119.3746
20618.0	1351919981.0060143
20682.0	1357724210.2926645
20746.0	1363542533.885833
20810.0	1369374671.477047
20874.0	1375222367.7842643
20938.0	1381085380.4253027
21002.0	1386963460.526542
21066.0	1392858437.1618433
21130.0	1398767999.1764667
21194.0	1404691878.1218488
21258.0	1410631936.8086393
21322.0	1416583635.0995607
21386.0	1422553152.7137375
21450.0	1428535918.1893687
21514.0	1434531629.0767553
21578.0	1440544435.1397543
21642.0	1446571883.2916212
21706.0	1452613706.5327203
21770.0	1458671917.3662734
21834.0	1464746292.6292598
21900.0	1471027232.8947997
21964.0	1477130140.6413665
22028.0	1483250803.374254
22092.0	1489384264.4254825
22156.0	1495535016.4691732
22220.0	1501698011.7303655
22284.0	1507877808.9022064
22348.0	1514071730.9053333
22412.0	1520281980.577906
22476.0	1526508331.8474085
22540.0	1532748028.425262
22604.0	1539003315.2165334
22668.0	1545276513.3517296
22732.0	1551564848.2672935
22796.0	1557868063.4197662
22860.0	1564185895.967164
22924.0	1570518076.7020974
22988.0	1576864329.985508
23052.0	1583224373.6810756
23116.0	1589603349.0649652
23180.0	1595998355.1987956
23244.0	1602409156.9272044
23308.0	1608835513.1610458
23372.0	1615277176.8116546
23436.0	1621733894.725551
23500.0	1628205407.6196253
23564.0	1634691450.0168555
23628.0	1641194644.2668147
23692.0	1647714781.405823
23756.0	1654248706.642339
23820.0	1660796129.93056
23884.0	1667362728.9232895
23948.0	1673942320.7282968
24012.0	1680540665.4364808
24076.0	1687151474.053721
24140.0	1693777507.5417604
24204.0	1700421616.9024096
24268.0	1707080482.4009745
24332.0	1713753836.6598473
24396.0	1720441406.1638973
24460.0	1727146116.3559756
24524.0	1733867756.2182412
24588.0	1740609364.6558914
24652.0	1747364234.4747403
24716.0	1754135368.4489157
24780.0	1760922533.610417
24844.0	1767722133.8171234
24908.0	1774540613.8822403
24972.0	1781374391.9994764
25036.0	1788223212.2877047
25100.0	1795086812.9898732
25164.0	1801964926.4149287
25228.0	1808860794.494387
25292.0	1815774218.2293003
25356.0	1822701423.862343
25420.0	1829642120.3318539
25484.0	1836603258.899468
25550.0	1843796535.5527773
25614.0	1850788710.377629
25678.0	1857797034.6290512
25742.0	1864825007.702265
25806.0	1871864942.1746178
25870.0	1878924091.461428
25934.0	1885998465.6712399
25998.0	1893087805.7316523
26062.0	1900195726.4216225
26126.0	1907314227.017773
26190.0	1914450819.7054086
26254.0	1921601342.9659007
26318.0	1928773503.2506511
26382.0	1935959131.6008306
26446.0	1943161986.0615635
26510.0	1950381852.0706694
26574.0	1957618509.9249437
26638.0	1964867586.5299323
26702.0	1972141296.324491
26766.0	1979422749.3886387
26830.0	1986724241.7549632
26894.0	1994041348.256834
26958.0	2001373817.2114995
27022.0	2008721391.420433
27086.0	2016088175.3854158
27150.0	2023469597.5094008
27214.0	2030865384.2750797
27278.0	2038279720.3823106
27342.0	2045716915.1796057
27406.0	2053163287.0225756
27470.0	2060627566.5915651
27534.0	2068109551.8318985
27598.0	2075604406.8975472
27662.0	2083116481.7752914
27726.0	2090650255.3940992
27790.0	2098196146.8179688
27854.0	2105758591.1575634
27918.0	2113337355.9102945
27982.0	2120937036.7491615
28046.0	2128547758.9087274
28110.0	2136178976.0997021
28174.0	2143825602.1690476
28238.0	2151487378.9401026
28302.0	2159169051.98552
28366.0	2166865414.653448
28430.0	2174581273.9207
28494.0	2182311341.7356935
28558.0	2190055333.6017003
28622.0	2197818149.462638
28686.0	2205594376.969144
28750.0	2213394242.929687
28814.0	2221207061.5960345
28878.0	2229037860.106977
28942.0	2236886434.0541606
29006.0	2244747160.21535
29070.0	2252630614.880546
29134.0	2260531203.1692877
29200.0	2268692005.4213963
29264.0	2276627890.666813
29328.0	2284580233.8936095
29392.0	2292543149.6748414
29456.0	2300527649.543567
29520.0	2308527877.159329
29584.0	2316543579.0035534
29648.0	2324580302.4288573
29712.0	2332632058.0567093
29776.0	2340698577.377731
29840.0	2348785514.1605124
29904.0	2356886743.5602517
29968.0	2365001981.668559
30032.0	2373136990.2698927
30096.0	2381291599.4239197
30160.0	2389459500.345433
30224.0	2397640388.3949547
30288.0	2405846391.4613657
30352.0	2414064925.63256
30416.0	2422308279.5073814
30480.0	2430570037.695368
30544.0	2438843608.5784235
30608.0	2447141525.1473665
30672.0	2455450751.8977146
30736.0	2463777464.696538
30800.0	2472121443.9236565
30864.0	2480482465.310032
30928.0	2488860299.8944936
30992.0	2497254713.9807196
31056.0	2505658723.2433043
31120.0	2514092321.941172
31184.0	2522535024.3636627
31248.0	2531000206.2554464
31312.0	2539480819.0216036
31376.0	2547976600.3795733
31440.0	2556487283.0166116
31504.0	2565019663.776648
31568.0	2573566490.2762895
31632.0	2582141808.376651
31696.0	2590723982.2850513
31760.0	2599327096.3908877
31824.0	2607950998.3888946
31888.0	2616595532.188272
31952.0	2625245727.5626245
32016.0	2633923489.0166874
32080.0	2642613788.215517
32144.0	2651323856.99282
32208.0	2660045915.296806
32272.0	2668794937.227181
32336.0	2677555481.2655253
32400.0	2686327206.1007466
32464.0	2695125373.8323975
32528.0	2703942082.638136
32592.0	2712769222.4671984
32656.0	2721622348.680114
32720.0	2730493394.0556383
32784.0	2739374079.7415924
32850.0	2748564329.8053417
32914.0	2757481444.9169865
32978.0	2766423715.3015714
33042.0	2775382790.1355233
33106.0	2784358431.168784
33170.0	2793350395.5605373
33234.0	2802358435.841061
33298.0	2811390792.3214264
33362.0	2820430277.965133
33426.0	2829493671.3740325
33490.0	2838580872.0546503
33554.0	2847674350.1731696
33618.0	2856791201.667505
33682.0	2865931314.859494
33746.0	2875085693.2388654
33810.0	2884262986.80135
33874.0	2893454077.785107
33938.0	2902658668.533934
34002.0	2911885566.7481585
34066.0	2921125469.914681
34130.0	2930387292.410144
34194.0	2939661607.2142973
34258.0	2948966780.346217
34322.0	2958274630.15577
34386.0	2967613035.1065516
34450.0	2976962972.06004
34514.0	2986333682.5820036
34578.0	2995725001.509766
34642.0	3005127056.7093196
34706.0	3014559021.176956
34770.0	3024001250.427418
34834.0	3033463266.6602993
34898.0	3042944884.9583344
34962.0	3052435905.33398
35026.0	3061956094.9615784
35090.0	3071485171.6897235
35154.0	3081032945.162416
35218.0	3090609472.911155
35282.0	3100194082.8765798
35346.0	3109807152.026031
35410.0	3119427744.9482884
35474.0	3129076486.775418
35538.0	3138732176.0557346
35602.0	3148415688.4930263
35666.0	3158116270.2546535
35730.0	3167844465.8487945
35794.0	3177578534.437414
35858.0	3187328945.797919
35922.0	3197106431.485598
35986.0	3206899888.166601
36050.0	3216709056.875999
36114.0	3226544859.920425
36178.0	3236384726.118399
36242.0	3246250823.491001
36306.0	3256143082.0075235
36370.0	3266038506.3413596
36434.0	3275959664.919787
36500.0	3286219739.432109
36564.0	3296170680.535798
36628.0	3306146835.2038026
36692.0	3316148113.1493587
36756.0	3326162534.153577
36820.0	3336189786.873307
36884.0	3346241586.1678863
36948.0	3356305724.6862454
37012.0	3366394053.6991625
37076.0	3376506462.5979867
37140.0	3386630514.506292
37204.0	3396778268.2980156
37268.0	3406949603.347463
37332.0	3417144396.01869
37396.0	3427349898.1552067
37460.0	3437578450.495477
37524.0	3447817146.322661
37588.0	3458091317.564527
37652.0	3468362276.2403026
37716.0	3478655421.8693924
37780.0	3488970605.291941
37844.0	3499307674.0788164
37908.0	3509653237.5653195
37972.0	3520033528.154487
38036.0	3530421834.4601226
38100.0	3540831224.4159017
38164.0	3551247977.0907927
38228.0	3561698939.730074
38292.0	3572170463.934837
38356.0	3582662368.807391
38420.0	3593160597.6551776
38484.0	3603678671.912145
38548.0	3614230434.058796
38612.0	3624787699.1421776
38676.0	3635378420.630545
38740.0	3645974077.51118
38804.0	3656602946.0526333
38868.0	3667250616.0467734
38932.0	3677902339.228244
38996.0	3688586881.8080616
39060.0	3699289572.0147486
39124.0	3709995395.2533526
39188.0	3720733614.4210253
39252.0	3731489292.406077
39316.0	3742262191.8224297
39380.0	3753067205.5908933
39444.0	3763873906.944391
39508.0	3774697093.8102646
39572.0	3785551910.044728
39636.0	3796422877.5083375
39700.0	3807325310.5721292
39764.0	3818227883.553489
39828.0	3829161567.72766
39892.0	3840110515.856638
39956.0	3851090386.6994653
40020.0	9014508271.391388
40084.0	602249485.5149813
40150.0	10114175143.73647
40214.0	3895498270.706217
40278.0	4653632299.6553755
40342.0	1862519246.1610045
40406.0	8157727421.385778
40470.0	7694117494.600941
40534.0	3951030594.7751575
40598.0	10211056940.737444
40662.0	9096827239.56996
40726.0	2657670283.711916
40790.0	106170464.0051508
40854.0	9925497767.043364
40918.0	496850442.0638561
40982.0	7184495037.880192
41046.0	5943545847.582536
41110.0	1887681901.7789135
41174.0	4063575123.5364466
41238.0	4887113474.299381
41302.0	6964699327.924284
41366.0	4562255150.531996
41430.0	1967087455.6044168
41494.0	484555694.93170834
41558.0	4132023019.197507
41622.0	7962182096.166977
41685.833333333336	4082203154.689
41750.0	5455617121.21436
41814.166666666664	4660514950.479258
41877.916666666664	8666373267.911943
41942.083333333336	9948554691.859753
42005.833333333336	5260964533.062108
42070.0	10678012375.366772
42134.166666666664	11495062344.587297
42197.916666666664	7647656062.058916
42262.083333333336	6360263205.866787
42325.833333333336	3268136229.4489045
42390.0	6580460498.618493
42454.166666666664	10791804210.115726
42517.916666666664	6204029127.64888
42582.083333333336	3754632755.4558716
42645.833333333336	11376210110.061981
42710.0	1656321761.1714597
42774.166666666664	4353567087.558338
42837.916666666664	4365431337.420538
42902.083333333336	2395111328.823579
42965.833333333336	4389209990.681311
43030.0	4401123880.89
43094.166666666664	6833907534.470457
43157.916666666664	2683542525.654278
43222.083333333336	6767199952.932952
43285.833333333336	8700953143.936115
43350.0	7105567931.212992
43414.166666666664	5070974461.398229
43477.916666666664	2923474354.1411257
43542.083333333336	4497249863.946723
43605.833333333336	9475474594.324194
43670.0	9687222289.584595
43734.166666666664	9388716643.208714
43800.0	9881882106.168514
43864.166666666664	4558351527.83433
43927.916666666664	7922293725.917491
43992.083333333336	6108618005.784665
44055.833333333336	11654689793.426136
44120.0	9166542781.458637
44184.166666666664	11431257000.54067
44247.916666666664	3922980194.8137083
44312.083333333336	10960548413.54202
44375.833333333336	5579217716.771191
44440.0	6515527938.758094
44504.166666666664	6890199643.837078
44567.916666666664	1697354427.0043817
44632.083333333336	5295840194.589205
44695.833333333336	7930685411.144173
44760.0	4731097986.691913
44824.166666666664	11838231244.169209
44887.916666666664	4756121424.562286
44952.083333333336	463481045.85744286
45015.833333333336	6465463723.402798
45080.0	10168151457.970032
45144.166666666664	8346832414.468285
45207.916666666664	10561407892.265356
45272.083333333336	8848220090.707338
45335.833333333336	4844326569.422638
45400.0	8397250007.255573
45464.166666666664	3141104711.753485
45527.916666666664	4882421047.119674
45592.083333333336	4895184035.997615
45655.833333333336	6981362215.414211
45720.0	4920729122.884066
45784.166666666664	9311411547.31766
45847.916666666664	9282135361.516846
45912.083333333336	2429494961.763477
45975.833333333336	3370362399.62403
46040.0	920962727.5833273
46104.166666666664	4997862005.724692
46167.916666666664	10569675407.605679
46232.083333333336	5023733481.831191
46295.833333333336	3999603751.061687
46360.0	8531342447.124389
46424.166666666664	1871755526.9304872
46487.916666666664	5075734693.360928
46552.083333333336	5088806255.332665
46615.833333333336	3248243954.1834536
46680.0	5114983731.384389
46744.166666666664	857232881.5673056
46807.916666666664	7735341774.33271
46872.083333333336	8746087350.64091
46935.833333333336	5167609825.787867
47000.0	3421516025.162049
47064.166666666664	9398616119.857315
47127.916666666664	4145703119.6735234
47192.083333333336	500292275.01148796
47255.833333333336	10131603901.173239
47320.0	7800835638.040749
47384.166666666664	6580734891.908546
47450.0	11717150107.126842
47514.166666666664	511438359.2028494
47577.916666666664	6098374599.8219385
47642.083333333336	6615744948.723482
47705.833333333336	5327918943.709728
47770.0	12307201502.336575
47834.166666666664	11493604555.907135
47897.916666666664	93266779.67473221
47962.083333333336	12845141309.129192
48025.833333333336	7766935370.495354
48090.0	12465637909.296791
48154.166666666664	8556883974.858725
48217.916666666664	5566392792.402211
48282.083333333336	4686062031.046779
48345.833333333336	2271931998.8439803
48410.0	5477200508.727808
48474.166666666664	7288544579.104263
48537.916666666664	11705848421.122482
48602.083333333336	3166867430.219128
48665.833333333336	5400068751.13543
48730.0	5545936411.570091
48794.166666666664	5559751640.356552
48857.916666666664	12809971629.910816
48922.083333333336	1284292593.2770805
48985.833333333336	5601309995.029078
49050.0	10537099478.263645
49114.166666666664	4523676650.550046
49177.916666666664	4029950356.450486
49242.083333333336	5657009529.750284
49305.833333333336	3102045689.5317326
49370.0	5539631819.11595
49434.166666666664	8015968112.072487
49497.916666666664	5713056313.381539
49562.083333333336	10111863789.422794
49625.833333333336	2655808480.632405
49690.0	7701326443.394896
49754.166666666664	5049755613.180956
49817.916666666664	5783635648.021964
49882.083333333336	5040880542.264431
49945.833333333336	1572433764.1113367
50010.0	12976315649.628551
50074.166666666664	3144335991.61479
50137.916666666664	5854765008.706666
50202.083333333336	12539671904.528076
50265.833333333336	1224911616.2480936
50330.0	10186194886.103586
50394.166666666664	12093725835.898796
50457.916666666664	5926420096.815162
50522.083333333336	5940833167.438268
50585.833333333336	2348375759.869606
50650.0	5969717483.589453
50714.166666666664	4537695040.667434
50777.916666666664	1079474091.4378605
50842.083333333336	10882123401.462286
50905.833333333336	462305467.9921217
50970.0	6042230606.913151
51034.166666666664	3860569383.6430273
51100.0	6071874118.24143
51164.166666666664	2441896069.8092866
51227.916666666664	9473380998.061
51292.083333333336	4714128127.940558
51355.833333333336	3319988322.7147956
51420.0	6145241761.928336
51484.166666666664	6159965482.65942
51547.916666666664	5905143952.944515
51612.083333333336	12440391618.163391
51675.833333333336	12940307181.966427
51740.0	6219157132.268937
51804.166666666664	6234028821.472181
51867.916666666664	8730845183.86399
51932.083333333336	6263775809.266452
51995.833333333336	5008347325.112267
52060.0	9301663973.42636
52124.166666666664	10671166336.909641
52187.916666666664	6793017388.072965
52252.083333333336	3767546962.1497464
52315.833333333336	5672732892.904707
52380.0	12035080471.58423
52444.166666666664	3400010409.8072677
52507.916666666664	6398828893.103009
52572.083333333336	6413954480.162961
52635.833333333336	3710276101.4251394
52700.0	6528572152.414236
52764.166666666664	7792672764.849134
52827.916666666664	6474638177.634328
52892.083333333336	7252742996.592727
52955.833333333336	1107454914.7071323
53020.0	6520407359.349053
53084.166666666664	6535700796.6464405
53147.916666666664	13607517688.283653
53212.083333333336	6940083807.083921
53275.833333333336	7859674396.296047
53340.0	1340673154.3411274
53404.166666666664	6612599042.559266
53467.916666666664	6628045299.349418
53532.083333333336	6268768221.24915
53595.833333333336	6468281988.578314
53660.0	6674485014.049286
53724.166666666664	6690029722.061621
53787.916666666664	6705598691.903443
53852.083333333336	6721191756.0521
53915.833333333336	997918622.9633303
53980.0	6752400493.673794
54044.166666666664	13045640643.545832
54107.916666666664	6783752067.087331
54172.083333333336	9158089110.514633
54235.833333333336	6815146597.863598
54300.0	13744691768.657816
54364.166666666664	1410897835.1129713
54427.916666666664	9471639992.381239
54492.083333333336	8702154056.78195
54555.833333333336	4357372481.551254
54620.0	6909918069.96842
54684.166666666664	8795881092.15457
54750.0	14411649870.255314
54814.166666666664	8670338232.55418
54877.916666666664	6974071867.906921
54942.083333333336	3823882642.417907
55005.833333333336	9888739851.795448
55070.0	4863235961.819119
55134.166666666664	7038097240.893597
55197.916666666664	11054095897.016495
55262.083333333336	3421468211.931111
55325.833333333336	7086380465.706634
55390.0	7054078910.539708
55454.166666666664	5402921130.2134495
55517.916666666664	11989367299.640787
55582.083333333336	7558916837.995676
55645.833333333336	2490021536.0349073
55710.0	5070183857.54237
55774.166666666664	3147964971.6639543
55837.916666666664	7216158798.238765
55902.083333333336	11484039623.510635
55965.833333333336	7248813135.015511
56030.0	5263247066.257171
56094.166666666664	7281593434.605065
56157.916666666664	11461401044.614182
56222.083333333336	11511799871.82044
56285.833333333336	9689305538.01555
56350.0	10658508276.910103
56414.166666666664	10645808878.862543
56477.916666666664	14003580297.12695
56542.083333333336	1437651174.5478697
56605.833333333336	13747789723.28653
56670.0	277042831.8360882
56734.166666666664	7815069464.236878
56797.916666666664	10283879462.527067
56862.083333333336	6409506676.112257
56925.833333333336	31852401.706655502
56990.0	10638320582.577896
57054.166666666664	4547516745.813568
57117.916666666664	10126759659.17305
57182.083333333336	6128304570.254415
57245.833333333336	7240872132.889376
57310.0	7597773517.862187
57374.166666666664	4654082243.568129
57437.916666666664	1652092758.0145712
57502.083333333336	7648473627.132955
57565.833333333336	7665482274.235644
57630.0	7682439905.932069
57694.166666666664	13827186872.839283
57757.916666666664	7716453295.228058
57822.083333333336	3885275532.777044
57885.833333333336	7750575568.524966
57950.0	7767652877.672171
58014.166666666664	15052741627.096352
58077.916666666664	7801968856.098973
58142.083333333336	1790414550.8146667
58205.833333333336	7836325451.04319
58270.0	1964996940.635026
58334.166666666664	7870786276.557092
58400.0	11100219771.37508
58464.166666666664	12178199196.686714
58527.916666666664	13230804065.376343
58592.083333333336	7940557511.808464
58655.833333333336	11818626527.908161
58720.0	3991536012.842572
58784.166666666664	506142280.59136677
58847.916666666664	12230521065.707718
58912.083333333336	9046929077.818369
58975.833333333336	12675840642.516487
59040.0	8062588707.348325
59104.166666666664	975921341.8421001
59167.916666666664	784287169.1127281
59232.083333333336	8115315692.198096
59295.833333333336	3974994864.567415
59360.0	11795899172.47472
59424.166666666664	8168163318.565993
59487.916666666664	8185908481.850973
59552.083333333336	5450231576.996113
59615.833333333336	8221267996.785033
59680.0	8710822266.659475
59744.166666666664	8256861058.961714
59807.916666666664	13265028462.311308
59872.083333333336	8496771892.286954
59935.833333333336	13033480294.184628
60000.0	6864546672.022545
60064.166666666664	13568658326.036575
60127.916666666664	5026805877.2458935
60192.083333333336	5330907231.897493
60255.833333333336	8400094451.46076
60320.0	5297018220.27397
60384.166666666664	15511523546.98564
60447.916666666664	8454194090.528822
60512.083333333336	14438682667.499435
60575.833333333336	15550429867.380924
60640.0	9137218089.511463
60704.166666666664	4827036051.169556
60767.916666666664	10359895718.717194
60832.083333333336	11925124918.261122
60895.833333333336	7747156889.733137
60960.0	11383491834.878569
61024.166666666664	6210464710.5083065
61087.916666666664	2068379106.6382189
61152.083333333336	4681720683.180036
61215.833333333336	14985574467.631008
61280.0	9895279865.004604
61344.166666666664	8709741662.633675
61407.916666666664	8728119746.830656
61472.083333333336	4856625523.919636
61535.833333333336	8765109574.542263
61600.0	11693060832.760445
61664.166666666664	8802164513.58629
61727.916666666664	3250003204.147683
61792.083333333336	2319098758.595587
61855.833333333336	2551842883.0559006
61920.0	11847801817.38456
61984.166666666664	12305766284.415277
62050.0	13902800323.731606
62114.166666666664	8933289162.762125
62177.916666666664	15072613303.982239
62242.083333333336	3806133085.4699326
62305.833333333336	12238603776.202759
62370.0	7548912761.74046
62434.166666666664	4230988354.5350695
62497.916666666664	11231524132.120481
62562.083333333336	6528109795.47225
62625.833333333336	5952823525.74925
62690.0	9102882033.25489
62754.166666666664	9121885589.822958
62817.916666666664	3093755870.376951
62882.083333333336	9159951428.020731
62945.833333333336	2127307893.2442856
63010.0	9843866416.002678
63074.166666666664	3147600807.2497015
63137.916666666664	14210264601.084202
63202.083333333336	9255415981.423935
63265.833333333336	9274600293.416443
63330.0	9293864299.777779
63394.166666666664	9313115304.541462
63457.916666666664	12205836722.96674
63522.083333333336	8254013645.02832
63585.833333333336	5498036418.632975
63650.0	12540203745.51777
63714.166666666664	3135230464.2258615
63777.916666666664	9429075171.916786
63842.083333333336	8992754919.736235
63905.833333333336	4241104532.527813
63970.0	9487419364.758165
64034.166666666664	9506898728.705133
64097.916666666664	11096655376.77941
64162.083333333336	7851170367.352875
64225.833333333336	8154538335.303539
64290.0	14133776826.64929
64354.166666666664	16263937178.465786
64417.916666666664	14274655986.365852
64482.083333333336	16190608085.467487
64545.833333333336	5439012400.165891
64610.0	6766145875.829005
64674.166666666664	16132174912.070517
64737.916666666664	4359166084.685381
64802.083333333336	17168846606.07058
64865.833333333336	14301924746.086842
64930.0	3009736193.9035463
64994.166666666664	9802587470.972853
65057.916666666664	14341535122.352867
65122.083333333336	6504460186.5731125
65185.833333333336	16097801381.429642
65250.0	4246366606.003623
65314.166666666664	11654138216.61686
65377.916666666664	15015239941.355646
65442.083333333336	16487897426.54562
65505.833333333336	15649141349.828081
65570.0	8144550595.653206
65634.16666666667	10002975697.470459
65700.0	3049412020.1873703
65764.16666666667	10043997160.044533
65827.91666666667	10624015461.007874
65892.08333333333	8928963652.172668
65955.83333333333	13783246019.514828
66020.0	10125074682.811646
66084.16666666667	5864087265.238169
66147.91666666667	7339645037.688869
66212.08333333333	10186245346.773996
66275.83333333333	8597205571.401901
66340.0	3113589122.050313
66404.16666666667	10247708267.38655
66467.91666666667	14182963701.128708
66532.08333333333	14475431603.886307
66595.83333333333	10309346398.795336
66660.0	10329942893.149012
66724.16666666667	16701753588.933655
66787.91666666667	9964823425.083473
66852.08333333333	10391881027.736115
66915.83333333333	10412575964.333384
66980.0	16803582049.923485
67044.16666666667	4674349789.854324
67107.91666666667	4780758489.640624
67172.08333333333	5093806301.766942
67235.83333333333	7719532432.74056
67300.0	10299992001.02361
67364.16666666667	7811059849.93804
67427.91666666667	10579226417.396578
67492.08333333333	10600192082.506224
67555.83333333333	5778577457.632369
67620.0	3345782100.5580797
67684.16666666667	3632241813.144478
67747.91666666667	13847005983.841404
67812.08333333333	4566888675.162823
67875.83333333333	12389320524.912127
67940.0	10747573384.96058
68004.16666666667	13834713986.29274
68067.91666666667	5070333725.603033
68132.08333333333	12965712324.435263
68195.83333333333	4595363802.570722
68260.0	12047759818.739431
68324.16666666667	10875040778.257399
68387.91666666667	3573716359.4793053
68452.08333333333	9559847208.929457
68515.83333333333	13686748907.679539
68580.0	14466343365.909864
68644.16666666667	10275985481.181313
68707.91666666667	9819093877.772505
68772.08333333333	6142892173.427851
68835.83333333333	11046584826.995758
68900.0	11068129398.297575
68964.16666666667	10894755900.99822
69027.91666666667	13652540083.27426
69092.08333333333	11133003957.55935
69155.83333333333	17603656606.602955
69220.0	4329727951.01218
69284.16666666667	16328437776.367382
69350.0	17073452121.986908
69414.16666666667	4420309809.844158
69477.91666666667	11264107290.094358
69542.08333333333	11836479195.166025
69605.83333333333	15341697868.930721
69670.0	15854685838.20452
69734.16666666667	11351622979.509762
69797.91666666667	11373541058.829847
69862.08333333333	18380707747.379696
69925.83333333333	17060650064.161404
69990.0	5418637082.645553
70054.16666666667	11461642896.565886
70117.91666666667	11483704915.097124
70182.08333333333	12909967857.767014
70245.83333333333	10265295217.229408
70310.0	9461582534.129871
70374.16666666667	10435785343.484983
70437.91666666667	11594579106.067604
70502.08333333333	4999582752.574862
70565.83333333333	5672951647.68587
70630.0	10075969590.35962
70694.16666666667	12103602495.970987
70757.91666666667	7446890072.885706
70822.08333333333	11728713389.001492
70885.83333333333	15544286435.815546
70950.0	14547857620.266373
71014.16666666667	18590485215.2047
71077.91666666667	13101065315.081373
71142.08333333333	12793168135.72682
71205.83333333333	4974416731.577278
71270.0	7554648665.169796
71334.16666666667	18316001505.283436
71397.91666666667	18138795297.58461
71462.08333333333	11954387248.491362
71525.83333333333	6947806492.088471
71590.0	11999856429.866894
71654.16666666667	6114830353.6235075
71717.91666666667	12045361023.529709
71782.08333333333	12068321228.802845
71845.83333333333	12091054964.586048
71910.0	12114032186.755434
71974.16666666667	12136938628.43194
72037.91666666667	18783293858.80992
72102.08333333333	10657262861.888998
72165.83333333333	8669821865.029884
72230.0	5053889257.294159
72294.16666666667	17838656756.752087
72357.91666666667	12631803121.655174
72422.08333333333	12298279065.55554
72485.83333333333	12321562009.744572
72550.0	10769305303.627884
72614.16666666667	5994153073.4415655
72677.91666666667	9916460225.093227
72742.08333333333	6092369869.242597
72805.83333333333	8831876284.581398
72870.0	15234585816.570953
72934.16666666667	13346145868.313936
73000.0	14191103626.200102
