t(days)	RNP(psia2/cp-D/Mscf)
0.25	1361579.6320402352
0.33040833333333336	129409341.83337379
0.4861958333333333	38804242.349712916
0.7977666666666666	3478161.411016568
1.4209083333333332	75930129.19939552
2.667195833333333	6423161.727599926
5.07725	159796205.37049735
9.897375	12257510.860110162
19.198041666666665	159387201.30987465
35.644875	73410322.1558181
66.05958333333334	31892730.98385814
124.99208333333333	96390281.90489015
188.99208333333334	242469566.748134
252.99208333333334	10744359.637470953
316.99208333333337	314606584.40739816
380.9920833333333	114241537.02633965
444.9916666666666	11354849.98799394
508.9916666666666	180334686.32091096
572.9916666666667	101258347.81375523
636.9916666666667	165500176.01661292
700.9916666666667	218356355.0067305
764.9916666666667	118240033.64701241
828.9916666666667	33755230.69677253
892.9916666666667	276505623.7060562
956.9916666666667	57275607.87646203
1020.9916666666667	280706677.3620878
1084.9916666666666	142221620.88329086
1148.9916666666666	235642727.5941761
1212.9916666666666	150776299.6491076
1276.9916666666666	165833457.2107465
1340.9916666666666	105819744.38153538
1404.9916666666668	162794908.65718612
1468.9916666666668	168580263.6185244
1532.9916666666668	379346155.12726736
1596.9916666666668	332783976.1732564
1660.9916666666668	48661471.121870205
1724.9916666666668	100107590.73265913
1788.9916666666668	415525034.59336984
1852.9916666666668	364011358.52894413
1916.9916666666668	398854045.8935958
1980.9916666666668	194711345.23127073
2044.9916666666668	58315349.008723795
2108.991666666667	419014166.5590953
2172.991666666667	428636069.9352559
2236.991666666667	207353734.2471395
2300.991666666667	210659269.27538726
2364.991666666667	388584065.730212
2428.991666666667	369733068.24067163
2492.991666666667	465003943.445312
2556.991666666667	222825336.34458113
2620.991666666667	109131847.74240652
2684.991666666667	329681963.18577564
2748.991666666667	231698187.59576446
2812.991666666667	381985592.89679277
2876.991666666667	359599321.9302962
2940.991666666667	224305232.78401044
3004.991666666667	107061662.06761634
3068.991666666667	87859306.8746841
3132.991666666667	421265641.06694
3196.991666666667	384176103.6475357
3260.991666666667	435345228.4682838
3324.991666666667	257474123.81707197
3388.991666666667	59192467.01327211
3452.991666666667	344317132.83017683
3516.991666666667	265897436.10927528
3580.991666666667	294513122.6758445
3650.0	271705372.18945765
3714.0	274494884.3100728
3778.0	504016346.7302973
3842.0	433476827.4709716
3906.0	85674490.5655759
3970.0	362308042.121897
4034.0	288424511.00431275
4098.0	291210423.4233365
4162.0	293997733.4407506
4226.0	296785908.07292485
4290.0	299576357.2538301
4354.0	302369668.98874485
4418.0	305165523.374914
4482.0	307964641.9676603
4546.0	310766807.18971515
4610.0	313573941.2485879
4674.0	316384920.3660676
4738.0	319200765.7977119
4802.0	322021495.22140443
4866.0	324847162.104427
4930.0	327677857.4098492
4994.0	330514885.0612758
5058.0	333357283.00328684
5122.0	336206480.25779885
5186.0	339060327.52895206
5250.0	341921580.3480016
5314.0	344790655.7024004
5378.0	347665424.54176015
5442.0	350547599.16987944
5506.0	353436347.3857875
5570.0	356334897.29313457
5634.0	359238392.2972292
5698.0	362150131.0718024
5762.0	365070788.2935507
5826.0	367999646.0533107
5890.0	370934479.3843298
5954.0	373880449.78449535
6018.0	376832388.5205003
6082.0	379794111.82235944
6146.0	382763401.0183122
6210.0	385742709.46892184
6274.0	388728167.0547055
6338.0	391725570.14173484
6402.0	394731047.9447139
6466.0	397743901.4863828
6530.0	400766857.2159577
6594.0	403799320.9293648
6658.0	406840674.9565253
6722.0	409893888.2770246
6786.0	412952960.76070493
6850.0	416022700.89089435
6914.0	419102560.3952134
6978.0	422191969.318306
7042.0	425290335.70223016
7106.0	428399017.1894345
7170.0	431517463.2993539
7234.0	434645102.3892468
7300.0	437882267.2112007
7364.0	441030036.2245989
7428.0	444187347.2013509
7492.0	447357933.14076734
7556.0	450534846.66372013
7620.0	453724022.9539432
7684.0	456922776.4247508
7748.0	460132826.8299062
7812.0	463351387.9400018
7876.0	466582543.2489166
7940.0	469823501.2716356
8004.0	473073726.3737058
8068.0	476332663.6456929
8132.0	479607153.0831864
8196.0	482889389.4954453
8260.0	486181301.1774782
8324.0	489484934.54440796
8388.0	492799847.9522006
8452.0	496125582.96100944
8516.0	499461664.078591
8580.0	502807598.51110023
8644.0	506165628.72217983
8708.0	509532547.25745326
8772.0	512910635.6674675
8836.0	516302307.1107868
8900.0	519704305.7616323
8964.0	523116148.725815
9028.0	526537336.2699547
9092.0	529973387.2651337
9156.0	533417889.27202654
9220.0	536873389.7747666
9284.0	540342578.955218
9348.0	543821938.0881422
9412.0	547310989.6818249
9476.0	550812499.9077023
9540.0	554322782.1915964
9604.0	557847998.2522142
9668.0	561381088.2904247
9732.0	564928353.2492726
9796.0	568486006.0739983
9860.0	572057104.389277
9924.0	575637746.4538482
9988.0	579227444.0617919
10052.0	582829343.1133891
10116.0	586446755.120665
10180.0	590071937.9455806
10244.0	593711917.5575542
10308.0	597358740.4808966
10372.0	601019589.4455041
10436.0	604694153.0511243
10500.0	608378131.0263083
10564.0	612075067.6356385
10628.0	615780539.2607211
10692.0	619502283.0164121
10756.0	623231725.4235784
10820.0	626976775.3358526
10884.0	630728633.8644519
10950.0	634616525.0717988
11014.0	638394963.0927631
11078.0	642183212.8202795
11142.0	645985302.583427
11206.0	649800922.1968096
11270.0	653629750.0818508
11334.0	657466808.5477659
11398.0	661316288.0640403
11462.0	665182584.4392682
11526.0	669055874.5446253
11590.0	672940474.786553
11654.0	676840912.2831342
11718.0	680751971.125579
11782.0	684673232.2865283
11846.0	688609358.6996111
11910.0	692554927.4805757
11974.0	696514694.3198324
12038.0	700488367.6872941
12102.0	704470313.1743633
12166.0	708465429.05734
12230.0	712478844.385619
12294.0	716499376.2993544
12358.0	720532070.5159533
12422.0	724576568.4243668
12486.0	728632499.9561946
12550.0	732705251.7233602
12614.0	736788790.8643633
12678.0	740882713.6157033
12742.0	744992567.5346774
12806.0	749112093.4031283
12870.0	753240852.4219575
12934.0	757390720.2389662
12998.0	761542945.7369541
13062.0	765715749.4644386
13126.0	769896319.5440717
13190.0	774097034.7201585
13254.0	778304787.4594803
13318.0	782519056.3362199
13382.0	786752607.7331833
13446.0	790998601.7831283
13510.0	795263492.1336807
13574.0	799533409.0838422
13638.0	803814712.479204
13702.0	808114045.3108444
13766.0	812424156.1864265
13830.0	816744651.1198105
13894.0	821082368.6317128
13958.0	825429802.1729325
14022.0	829793923.7197276
14086.0	834167053.4220471
14150.0	838556298.7386442
14214.0	842953803.443602
14278.0	847366812.5025461
14342.0	851787290.2731425
14406.0	856230498.3983426
14470.0	860680505.7049489
14534.0	865144840.2949018
14600.0	869761382.3935541
14664.0	874254964.3458767
14728.0	878762028.9340445
14792.0	883273889.705745
14856.0	887806912.882684
14920.0	892352478.8287741
14984.0	896910255.5186585
15048.0	901479901.2447056
15112.0	906069885.3599627
15176.0	910662294.3679515
15240.0	915274489.692724
15304.0	919897270.8838698
15368.0	924530248.089291
15432.0	929182297.6987975
15496.0	933843918.850573
15560.0	938520370.6538167
15624.0	943210437.7212949
15688.0	947913823.622502
15752.0	952630223.1007174
15816.0	957360306.7472645
15880.0	962104775.2314781
15944.0	966862351.0864346
16008.0	971633737.4711822
16072.0	976416595.512315
16136.0	981213669.3994055
16200.0	986023637.1480614
16264.0	990848292.1133729
16328.0	995687370.9186485
16392.0	1000539526.4907321
16456.0	1005405533.847665
16520.0	1010285104.8325447
16584.0	1015179050.2246954
16648.0	1020084861.0479568
16712.0	1025004449.2017521
16776.0	1029937525.0032606
16840.0	1034884941.1825398
16904.0	1039845262.6872795
16968.0	1044820520.6764991
17032.0	1049810459.1614194
17096.0	1054813618.9443741
17160.0	1059830901.1656772
17224.0	1064860807.7317902
17288.0	1069904246.1144958
17352.0	1074963403.3546624
17416.0	1080035538.8754299
17480.0	1085120340.5007014
17544.0	1090220041.8003585
17608.0	1095333096.5937655
17672.0	1100459203.9398234
17736.0	1105601994.8230596
17800.0	1110759936.6553762
17864.0	1115930102.5695693
17928.0	1121114860.5667226
17992.0	1126311218.3057308
18056.0	1131521577.4536808
18120.0	1136745655.9290597
18184.0	1141984565.1119246
18250.0	1147404941.2969117
18314.0	1152674263.8861942
18378.0	1157959069.8523357
18442.0	1163256209.5043695
18506.0	1168566821.2841928
18570.0	1173892088.9018407
18634.0	1179231748.066553
18698.0	1184585527.1137567
18762.0	1189953146.9157217
18826.0	1195335856.0147114
18890.0	1200733401.7678158
18954.0	1206145524.3958514
19018.0	1211570379.6848714
19082.0	1217009242.140864
19146.0	1222463435.445184
19210.0	1227931093.1935768
19274.0	1233413553.2078488
19338.0	1238910554.8613412
19402.0	1244421830.3960402
19466.0	1249948783.547474
19530.0	1255492870.422294
19594.0	1261048765.8346994
19658.0	1266619575.7743
19722.0	1272205041.8748465
19786.0	1277803144.39766
19850.0	1283415334.353845
19914.0	1289043117.1542153
19978.0	1294684451.5539136
20042.0	1300342676.9294183
20106.0	1306013921.5688026
20170.0	1311699725.6570098
20234.0	1317399821.4264634
20298.0	1323115815.0958917
20362.0	1328847473.7878299
20426.0	1334592644.363699
20490.0	1340352961.5376978
20554.0	1346130119.3746
20618.0	1351919981.0060143
20682.0	1357724210.2926645
20746.0	1363542533.885833
20810.0	1369374671.477047
20874.0	1375222367.7842643
20938.0	1381085380.4253027
21002.0	1386963460.526542
21066.0	1392858437.1618433
21130.0	1398767999.1764667
21194.0	1404691878.1218488
21258.0	1410631936.8086393
21322.0	1416583635.0995607
21386.0	1422553152.7137375
21450.0	1428535918.1893687
21514.0	1434531629.0767553
21578.0	1440544435.1397543
21642.0	1446571883.2916212
21706.0	1452613706.5327203
21770.0	1458671917.3662734
21834.0	1464746292.6292598
21900.0	1471027232.8947997
21964.0	1477130140.6413665
22028.0	1483250803.374254
22092.0	1489384264.4254825
22156.0	1495535016.4691732
22220.0	1501698011.7303655
22284.0	1507877808.9022064
22348.0	1514071730.9053333
22412.0	1520281980.577906
22476.0	1526508331.8474085
22540.0	1532748028.425262
22604.0	1539003315.2165334
22668.0	1545276513.3517296
22732.0	1551564848.2672935
22796.0	1557868063.4197662
22860.0	1564185895.967164
22924.0	1570518076.7020974
22988.0	1576864329.985508
23052.0	1583224373.6810756
23116.0	1589603349.0649652
23180.0	1595998355.1987956
23244.0	1602409156.9272044
23308.0	1608835513.1610458
23372.0	1615277176.8116546
23436.0	1621733894.725551
23500.0	1628205407.6196253
23564.0	1634691450.0168555
23628.0	1641194644.2668147
23692.0	1647714781.405823
23756.0	1654248706.642339
23820.0	1660796129.93056
23884.0	1667362728.9232895
23948.0	1673942320.7282968
24012.0	1680540665.4364808
24076.0	1687151474.053721
24140.0	1693777507.5417604
24204.0	1700421616.9024096
24268.0	1707080482.4009745
24332.0	1713753836.6598473
24396.0	1720441406.1638973
24460.0	1727146116.3559756
24524.0	1733867756.2182412
24588.0	1740609364.6558914
24652.0	1747364234.4747403
24716.0	1754135368.4489157
24780.0	1760922533.610417
24844.0	1767722133.8171234
24908.0	1774540613.8822403
24972.0	1781374391.9994764
25036.0	1788223212.2877047
25100.0	1795086812.9898732
25164.0	1801964926.4149287
25228.0	1808860794.494387
25292.0	1815774218.2293003
25356.0	1822701423.862343
25420.0	1829642120.3318539
25484.0	1836603258.899468
25550.0	1843796535.5527773
25614.0	1850788710.377629
25678.0	1857797034.6290512
25742.0	1864825007.702265
25806.0	1871864942.1746178
25870.0	1878924091.461428
25934.0	1885998465.6712399
25998.0	1893087805.7316523
26062.0	1900195726.4216225
26126.0	1907314227.017773
26190.0	1914450819.7054086
26254.0	1921601342.9659007
26318.0	1928773503.2506511
26382.0	1935959131.6008306
26446.0	1943161986.0615635
26510.0	1950381852.0706694
26574.0	1957618509.9249437
26638.0	1964867586.5299323
26702.0	1972141296.324491
26766.0	1979422749.3886387
26830.0	1986724241.7549632
26894.0	1994041348.256834
26958.0	2001373817.2114995
27022.0	2008721391.420433
27086.0	2016088175.3854158
27150.0	2023469597.5094008
27214.0	2030865384.2750797
27278.0	2038279720.3823106
27342.0	2045716915.1796057
27406.0	2053163287.0225756
27470.0	2060627566.5915651
27534.0	2068109551.8318985
27598.0	2075604406.8975472
27662.0	2083116481.7752914
27726.0	2090650255.3940992
27790.0	2098196146.8179688
27854.0	2105758591.1575634
27918.0	2113337355.9102945
27982.0	2120937036.7491615
28046.0	2128547758.9087274
28110.0	2136178976.0997021
28174.0	2143825602.1690476
28238.0	2151487378.9401026
28302.0	2159169051.98552
28366.0	2166865414.653448
28430.0	2174581273.9207
28494.0	2182311341.7356935
28558.0	2190055333.6017003
28622.0	2197818149.462638
28686.0	2205594376.969144
28750.0	2213394242.929687
28814.0	2221207061.5960345
28878.0	2229037860.106977
28942.0	2236886434.0541606
29006.0	2244747160.21535
29070.0	2252630614.880546
29134.0	2260531203.1692877
29200.0	2268692005.4213963
29264.0	2276627890.666813
29328.0	2284580233.8936095
29392.0	2292543149.6748414
29456.0	2300527649.543567
29520.0	2308527877.159329
29584.0	2316543579.0035534
29648.0	2324580302.4288573
29712.0	2332632058.0567093
29776.0	2340698577.377731
29840.0	2348785514.1605124
29904.0	2356886743.5602517
29968.0	2365001981.668559
30032.0	2373136990.2698927
30096.0	2381291599.4239197
30160.0	2389459500.345433
30224.0	2397640388.3949547
30288.0	2405846391.4613657
30352.0	2414064925.63256
30416.0	2422308279.5073814
30480.0	2430570037.695368
30544.0	2438843608.5784235
30608.0	2447141525.1473665
30672.0	2455450751.8977146
30736.0	2463777464.696538
30800.0	2472121443.9236565
30864.0	2480482465.310032
30928.0	2488860299.8944936
30992.0	2497254713.9807196
31056.0	2505658723.2433043
31120.0	2514092321.941172
31184.0	2522535024.3636627
31248.0	2531000206.2554464
31312.0	2539480819.0216036
31376.0	2547976600.3795733
31440.0	2556487283.0166116
31504.0	2565019663.776648
31568.0	2573566490.2762895
31632.0	2582141808.376651
31696.0	2590723982.2850513
31760.0	2599327096.3908877
31824.0	2607950998.3888946
31888.0	2616595532.188272
31952.0	2625245727.5626245
32016.0	2633923489.0166874
32080.0	2642613788.215517
32144.0	2651323856.99282
32208.0	2660045915.296806
32272.0	2668794937.227181
32336.0	2677555481.2655253
32400.0	2686327206.1007466
32464.0	2695125373.8323975
32528.0	2703942082.638136
32592.0	2712769222.4671984
32656.0	2721622348.680114
32720.0	2730493394.0556383
32784.0	2739374079.7415924
32850.0	2748564329.8053417
32914.0	2757481444.9169865
32978.0	2766423715.3015714
33042.0	2775382790.1355233
33106.0	2784358431.168784
33170.0	2793350395.5605373
33234.0	2802358435.841061
33298.0	2811390792.3214264
33362.0	2820430277.965133
33426.0	2829493671.3740325
33490.0	2838580872.0546503
33554.0	2847674350.1731696
33618.0	2856791201.667505
33682.0	2865931314.859494
33746.0	2875085693.2388654
33810.0	2884262986.80135
33874.0	2893454077.785107
33938.0	2902658668.533934
34002.0	2911885566.7481585
34066.0	2921125469.914681
34130.0	2930387292.410144
34194.0	2939661607.2142973
34258.0	2948966780.346217
34322.0	2958274630.15577
34386.0	2967613035.1065516
34450.0	2976962972.06004
34514.0	2986333682.5820036
34578.0	2995725001.509766
34642.0	3005127056.7093196
34706.0	3014559021.176956
34770.0	3024001250.427418
34834.0	3033463266.6602993
34898.0	3042944884.9583344
34962.0	3052435905.33398
35026.0	3061956094.9615784
35090.0	3071485171.6897235
35154.0	3081032945.162416
35218.0	3090609472.911155
35282.0	3100194082.8765798
35346.0	3109807152.026031
35410.0	3119427744.9482884
35474.0	3129076486.775418
35538.0	3138732176.0557346
35602.0	3148415688.4930263
35666.0	3158116270.2546535
35730.0	3167844465.8487945
35794.0	3177578534.437414
35858.0	3187328945.797919
35922.0	3197106431.485598
35986.0	3206899888.166601
36050.0	3216709056.875999
36114.0	3226544859.920425
36178.0	3236384726.118399
36242.0	3246250823.491001
36306.0	3256143082.0075235
36370.0	3266038506.3413596
36434.0	3275959664.919787
36500.0	3286219739.432109
36564.0	3296170680.535798
36628.0	3306146835.2038026
36692.0	3316148113.1493587
36756.0	3326162534.153577
36820.0	3336189786.873307
36884.0	3346241586.1678863
36948.0	3356305724.6862454
37012.0	3366394053.6991625
37076.0	3376506462.5979867
37140.0	3386630514.506292
37204.0	3396778268.2980156
37268.0	3406949603.347463
37332.0	3417144396.01869
37396.0	3427349898.1552067
37460.0	3437578450.495477
37524.0	3447817146.322661
37588.0	3458091317.564527
37652.0	3468362276.2403026
37716.0	3478655421.8693924
37780.0	3488970605.291941
37844.0	3499307674.0788164
37908.0	3509653237.5653195
37972.0	3520033528.154487
38036.0	3530421834.4601226
38100.0	3540831224.4159017
38164.0	3551247977.0907927
38228.0	3561698939.730074
38292.0	3572170463.934837
38356.0	3582662368.807391
38420.0	3593160597.6551776
38484.0	3603678671.912145
38548.0	3614230434.058796
38612.0	3624787699.1421776
38676.0	3635378420.630545
38740.0	3645974077.51118
38804.0	3656602946.0526333
38868.0	3667250616.0467734
38932.0	3677902339.228244
38996.0	3688586881.8080616
39060.0	3699289572.0147486
39124.0	3709995395.2533526
39188.0	3720733614.4210253
39252.0	3731489292.406077
39316.0	3742262191.8224297
39380.0	3753067205.5908933
39444.0	3763873906.944391
39508.0	3774697093.8102646
39572.0	3785551910.044728
39636.0	3796422877.5083375
39700.0	3807325310.5721292
39764.0	3818227883.553489
39828.0	3829161567.72766
39892.0	3840110515.856638
39956.0	3851090386.6994653
40020.0	3862085146.437908
40084.0	5102400856.183342
40150.0	7140711506.15431
40214.0	5668907549.4236145
40278.0	3906568046.558483
40342.0	3917667933.0371876
40406.0	3928764737.008044
40470.0	11047465582.450972
40534.0	3951030594.7751575
40598.0	979228943.1090231
40662.0	3973380628.8782816
40726.0	20267294.908864975
40790.0	1281848173.40493
40854.0	4007064654.204037
40918.0	8839489383.423094
40982.0	4029601302.552536
41046.0	1182234347.3627706
41110.0	4052234090.972228
41174.0	7941613044.167568
41238.0	9160021888.190462
41302.0	3331240520.7176824
41366.0	9201782315.179571
41430.0	2217929118.689841
41494.0	2708203573.9425907
41558.0	9128676557.311863
41622.0	2773377377.6751337
41685.833333333336	4675495326.839193
41750.0	3875443679.4164033
41814.166666666664	1027931031.3539834
41877.916666666664	4189629494.713074
41942.083333333336	4647159883.495185
42005.833333333336	247302085.5691061
42070.0	9611917153.248575
42134.166666666664	6719261666.486805
42197.916666666664	4247740182.0324893
42262.083333333336	2408983095.6532593
42325.833333333336	6896561058.378206
42390.0	10809219311.916704
42454.166666666664	8139092676.619101
42517.916666666664	6200913697.584557
42582.083333333336	4042424618.1792192
42645.833333333336	4329910139.495717
42710.0	3721566472.3596964
42774.166666666664	4353567087.558338
42837.916666666664	4365431337.420538
42902.083333333336	4377319252.575259
42965.833333333336	10698101407.689075
43030.0	1219481977.2251635
43094.166666666664	1616510712.8925996
43157.916666666664	11613634570.845726
43222.083333333336	2942934691.379137
43285.833333333336	7761544427.326297
43350.0	7066401992.029052
43414.166666666664	4473106312.181513
43477.916666666664	5773430290.169605
43542.083333333336	4497249863.946723
43605.833333333336	4509365018.237367
43670.0	5783546924.382763
43734.166666666664	10244476346.480423
43800.0	2926002896.015827
43864.166666666664	2040682522.5548806
43927.916666666664	2292313831.8909755
43992.083333333336	9585350579.022377
44055.833333333336	8085944526.869403
44120.0	5707773412.140751
44184.166666666664	4619576631.743237
44247.916666666664	2302120115.9512987
44312.083333333336	4644219107.101565
44375.833333333336	4656557652.270731
44440.0	4596261046.581012
44504.166666666664	4681314740.351623
44567.916666666664	11685631931.808067
44632.083333333336	4706146099.068812
44695.833333333336	5634073023.795445
44760.0	902739022.2490673
44824.166666666664	11842775457.238716
44887.916666666664	4640071304.295721
44952.083333333336	12013109361.81793
45015.833333333336	11632869444.830002
45080.0	4970965274.508659
45144.166666666664	1589589546.419526
45207.916666666664	6589074583.157284
45272.083333333336	11029664777.698463
45335.833333333336	6768237734.258183
45400.0	2804364423.4675627
45464.166666666664	4057833872.9017315
45527.916666666664	4882421047.119674
45592.083333333336	11315921402.735458
45655.833333333336	5228344881.80818
45720.0	8439563163.884424
45784.166666666664	4933510372.991214
45847.916666666664	7075243798.448239
45912.083333333336	4959193827.730691
45975.833333333336	10680498600.577812
46040.0	2254040255.0489287
46104.166666666664	8368828005.943237
46167.916666666664	1891335036.79181
46232.083333333336	4042135984.951457
46295.833333333336	433690094.62854767
46360.0	5049709803.990334
46424.166666666664	10896496664.734556
46487.916666666664	1892092498.6207662
46552.083333333336	3899534806.780242
46615.833333333336	5101889382.004619
46680.0	2001396672.5932603
46744.166666666664	10242969391.697681
46807.916666666664	12481664718.47389
46872.083333333336	12457180804.078865
46935.833333333336	12008298097.945152
47000.0	3851476901.221052
47064.166666666664	10051354001.99833
47127.916666666664	11595471753.60413
47192.083333333336	5220568586.98105
47255.833333333336	3850951226.4124174
47320.0	7279158690.116412
47384.166666666664	232763667.9439907
47450.0	11251871005.097755
47514.166666666664	9598107095.008606
47577.916666666664	11109904344.050833
47642.083333333336	9225987559.864548
47705.833333333336	10202151273.682796
47770.0	9361248917.0056
47834.166666666664	10846775388.93229
47897.916666666664	2333317982.2310033
47962.083333333336	5386741348.680049
48025.833333333336	5395469256.354039
48090.0	5409015626.999526
48154.166666666664	4173118661.884178
48217.916666666664	5436249955.281168
48282.083333333336	11410743215.064188
48345.833333333336	5463535400.353669
48410.0	9632707071.287268
48474.166666666664	7837240159.300615
48537.916666666664	5504639153.299107
48602.083333333336	12414111332.91785
48665.833333333336	5532156786.642692
48730.0	9194270982.995146
48794.166666666664	10202987225.382374
48857.916666666664	10064846216.661976
48922.083333333336	5587421893.762661
48985.833333333336	5601309995.029078
49050.0	5615199551.386136
49114.166666666664	5629124116.0064745
49177.916666666664	1100719108.8507318
49242.083333333336	2243823124.9471455
49305.833333333336	4733133577.014341
49370.0	5684998960.632129
49434.166666666664	12838470859.72578
49497.916666666664	11293465426.91412
49562.083333333336	280684646.8610544
49625.833333333336	3892851225.3891225
49690.0	5755345153.94253
49754.166666666664	3772305615.046943
49817.916666666664	811360895.2486191
49882.083333333336	3832591299.589408
49945.833333333336	5361581623.773529
50010.0	13036628731.724634
50074.166666666664	5840472817.229964
50137.916666666664	5854765008.706666
50202.083333333336	5869053298.044776
50265.833333333336	13303858440.089836
50330.0	11525203285.146214
50394.166666666664	5912039236.990843
50457.916666666664	12978305375.976566
50522.083333333336	4133494294.837221
50585.833333333336	5955240301.788091
50650.0	6544136751.912797
50714.166666666664	13419626936.79195
50777.916666666664	5998652054.089541
50842.083333333336	4823028253.310087
50905.833333333336	3037023708.295282
50970.0	8284638262.5966625
51034.166666666664	7214934416.683291
51100.0	13392436906.755043
51164.166666666664	9954118405.132738
51227.916666666664	4392391612.565355
51292.083333333336	9922818126.4118
51355.833333333336	7265206092.993023
51420.0	7728979001.108137
51484.166666666664	10236178371.759266
51547.916666666664	6856099611.259205
51612.083333333336	6885280616.48714
51675.833333333336	1474656889.017439
51740.0	12068792089.289589
51804.166666666664	5234994671.929079
51867.916666666664	6248887891.901641
51932.083333333336	6263775809.266452
51995.833333333336	8785593920.414547
52060.0	7089245356.993295
52124.166666666664	5800803845.6792145
52187.916666666664	2001767756.376707
52252.083333333336	5805350704.039636
52315.833333333336	1653476370.0897093
52380.0	6368659989.215918
52444.166666666664	6383730690.600626
52507.916666666664	3577610712.6722736
52572.083333333336	1879867976.3604422
52635.833333333336	2796409461.66134
52700.0	12006028756.399273
52764.166666666664	2377152531.0833898
52827.916666666664	3491317643.325419
52892.083333333336	6315327122.025896
52955.833333333336	6505139859.538596
53020.0	6520407359.349053
53084.166666666664	602658668.8554916
53147.916666666664	3398807664.7435436
53212.083333333336	6505924529.068445
53275.833333333336	6581781866.582132
53340.0	9441107040.019363
53404.166666666664	2726205594.9356933
53467.916666666664	7422394813.31142
53532.083333333336	6643469040.6593275
53595.833333333336	3206972691.412976
53660.0	241658565.61197758
53724.166666666664	6964668219.291684
53787.916666666664	12225584792.286102
53852.083333333336	9870489343.342628
53915.833333333336	6736759980.630367
53980.0	11533286736.915169
54044.166666666664	3222459251.029542
54107.916666666664	9602773511.804493
54172.083333333336	9007674654.02213
54235.833333333336	8138356764.858673
54300.0	4673407242.820286
54364.166666666664	7391307959.46104
54427.916666666664	6862432826.857343
54492.083333333336	12518013218.50103
54555.833333333336	6894101918.118256
54620.0	6909918069.96842
54684.166666666664	8506785148.720759
54750.0	14227094151.184269
54814.166666666664	6958117069.342513
54877.916666666664	4199549595.972137
54942.083333333336	5312730336.5948925
55005.833333333336	14342239472.746653
55070.0	4853471429.853998
55134.166666666664	2500807866.1281137
55197.916666666664	7926821277.526401
55262.083333333336	10475724515.822212
55325.833333333336	11003112682.943787
55390.0	153285224.62588692
55454.166666666664	7118630459.030041
55517.916666666664	348137202.5252428
55582.083333333336	5383173155.9514885
55645.833333333336	10874359121.131098
55710.0	9534142540.306107
55774.166666666664	575513112.2072926
55837.916666666664	5783885162.764905
55902.083333333336	14515112053.856552
55965.833333333336	1771581322.8990278
56030.0	6093278583.3293705
56094.166666666664	1612141638.8063316
56157.916666666664	10634182919.330692
56222.083333333336	5707666420.661132
56285.833333333336	783032948.4406624
56350.0	6234820626.017349
56414.166666666664	12925679986.948677
56477.916666666664	8796044628.04076
56542.083333333336	2345483242.141062
56605.833333333336	2272399496.4820833
56670.0	10605297112.663969
56734.166666666664	607116148.3215542
56797.916666666664	7463606993.248059
56862.083333333336	7480283433.885601
56925.833333333336	7177673927.403099
56990.0	7513739564.077684
57054.166666666664	13683817499.816322
57117.916666666664	7547312693.865682
57182.083333333336	404743259.0583019
57245.833333333336	7580940186.726562
57310.0	12971247200.357101
57374.166666666664	7614681771.534613
57437.916666666664	698051022.4262171
57502.083333333336	5095200463.294397
57565.833333333336	3370682783.8251195
57630.0	12328012836.28986
57694.166666666664	5400813537.312166
57757.916666666664	7716453295.228058
57822.083333333336	6795664838.726491
57885.833333333336	14486072623.806694
57950.0	2517782091.9459276
58014.166666666664	9062220397.625414
58077.916666666664	7988461449.851397
58142.083333333336	14199417457.582783
58205.833333333336	3565855324.573962
58270.0	7853518060.908187
58334.166666666664	2823093632.9470844
58400.0	7888598617.088036
58464.166666666664	9572072626.48341
58527.916666666664	8259842069.567891
58592.083333333336	7940557511.808464
58655.833333333336	7957870810.018097
58720.0	8266554601.283105
58784.166666666664	12910866237.313435
58847.916666666664	8010128796.316778
58912.083333333336	5555702391.171024
58975.833333333336	6381106746.221503
59040.0	9850433505.29746
59104.166666666664	13192841329.235786
59167.916666666664	13196560970.056286
59232.083333333336	8115315692.198096
59295.833333333336	13987700441.35858
59360.0	4545110288.5933485
59424.166666666664	8168163318.565993
59487.916666666664	8185908481.850973
59552.083333333336	2113601392.6589289
59615.833333333336	6534155130.269158
59680.0	12966279349.233833
59744.166666666664	8256861058.961714
59807.916666666664	9276192561.162537
59872.083333333336	9815460263.27286
59935.833333333336	8310387035.1814995
60000.0	12791332085.017517
60064.166666666664	8346158842.492704
60127.916666666664	8907836480.486172
60192.083333333336	8382088953.3300295
60255.833333333336	8400094451.46076
60320.0	9914920158.457098
60384.166666666664	6897512586.953455
60447.916666666664	8454194090.528822
60512.083333333336	8472279656.665754
60575.833333333336	1134085225.3475227
60640.0	1777791930.693304
60704.166666666664	7347064777.6348
60767.916666666664	7565519388.133498
60832.083333333336	8563092778.750416
60895.833333333336	8581331275.762028
60960.0	4144897369.9255276
61024.166666666664	12260599027.349794
61087.916666666664	2176866255.3185816
61152.083333333336	4050634897.749754
61215.833333333336	8672893411.1512
61280.0	1562046538.04389
61344.166666666664	6252954801.862112
61407.916666666664	11767517735.206343
61472.083333333336	8746575552.77422
61535.833333333336	8641037234.086782
61600.0	12760882184.845097
61664.166666666664	12498441750.745384
61727.916666666664	8820767920.654016
61792.083333333336	8839366177.643143
61855.833333333336	8290988374.369412
61920.0	13634523380.589167
61984.166666666664	8895294422.564194
62050.0	6865009782.510778
62114.166666666664	2088198328.4286537
62177.916666666664	3767490825.717513
62242.083333333336	12343213749.254343
62305.833333333336	8398103603.557526
62370.0	8464023829.479181
62434.166666666664	9027215247.907803
62497.916666666664	2434265488.7774963
62562.083333333336	9065023179.77234
62625.833333333336	9132266523.040285
62690.0	14332917821.921165
62754.166666666664	9121885589.822958
62817.916666666664	9140878879.205303
62882.083333333336	11612746966.297878
62945.833333333336	13035975043.16843
63010.0	10105452347.30737
63074.166666666664	9217193186.801023
63137.916666666664	9899677916.19647
63202.083333333336	16740975031.806952
63265.833333333336	7247307265.260562
63330.0	4374244415.404913
63394.166666666664	6963558756.662714
63457.916666666664	9332352647.642052
63522.083333333336	15081114790.469398
63585.833333333336	7721535045.120861
63650.0	4970442594.194274
63714.166666666664	13694605556.794678
63777.916666666664	6263045106.212221
63842.083333333336	4469055783.172563
63905.833333333336	5645635542.843212
63970.0	8557533853.262315
64034.166666666664	8359138017.704957
64097.916666666664	2125158956.421999
64162.083333333336	14878197372.251503
64225.833333333336	7017293688.635481
64290.0	2256055296.9329576
64354.166666666664	9604813928.358873
64417.916666666664	6733080432.680128
64482.083333333336	4717571115.287577
64545.833333333336	4817266194.08265
64610.0	12841632748.348398
64674.166666666664	9703350517.062466
64737.916666666664	13555486114.81109
64802.083333333336	2430952907.063216
64865.833333333336	10041510948.528181
64930.0	7283198754.97387
64994.166666666664	5096208309.513419
65057.916666666664	5265316201.020516
65122.083333333336	4415287836.73577
65185.833333333336	4890339317.921249
65250.0	7528693073.543764
65314.166666666664	13838392739.430552
65377.916666666664	6893394311.092178
65442.083333333336	15705019380.61507
65505.833333333336	3830516041.005192
65570.0	5790927557.315979
65634.16666666667	7990533319.518324
65700.0	11292241105.403502
65764.16666666667	3001832485.4626417
65827.91666666667	10064198979.670904
65892.08333333333	10084482228.237583
65955.83333333333	15372910056.639885
66020.0	10125074682.811646
66084.16666666667	4278586506.298212
66147.91666666667	10465658151.031845
66212.08333333333	3032126848.027152
66275.83333333333	10206688214.55334
66340.0	5329382516.836518
66404.16666666667	10247708267.38655
66467.91666666667	5927498895.907577
66532.08333333333	8482908484.822386
66595.83333333333	5388617676.9812155
66660.0	13433527573.413557
66724.16666666667	8997483939.984154
66787.91666666667	12148083705.604036
66852.08333333333	10391881027.736115
66915.83333333333	11027417459.409914
66980.0	10433353491.36862
67044.16666666667	12464583100.677961
67107.91666666667	10838513509.160212
67172.08333333333	5769632411.314534
67235.83333333333	8451806006.818422
67300.0	11026130315.805834
67364.16666666667	15986254631.283394
67427.91666666667	14010875750.708338
67492.08333333333	10600192082.506224
67555.83333333333	9285070981.519594
67620.0	4798642009.501697
67684.16666666667	10663224124.884527
67747.91666666667	10684279062.370667
67812.08333333333	5956769478.219258
67875.83333333333	8971872048.608791
67940.0	9159980772.760838
68004.16666666667	10768713869.021435
68067.91666666667	10789937683.686312
68132.08333333333	8482553826.713335
68195.83333333333	9624424926.764061
68260.0	7917573176.614325
68324.16666666667	9222553206.191175
68387.91666666667	6583647021.846672
68452.08333333333	14138349690.281853
68515.83333333333	10939207852.043941
68580.0	11951337437.096785
68644.16666666667	12597335131.317482
68707.91666666667	11003486141.780125
68772.08333333333	10915123937.585403
68835.83333333333	10020223863.696497
68900.0	13860977620.815907
68964.16666666667	10402683850.235403
69027.91666666667	10762571148.222067
69092.08333333333	14237189638.896124
69155.83333333333	13620511016.562275
69220.0	11176319917.91011
69284.16666666667	11198104543.79688
69350.0	15214654960.485626
69414.16666666667	15881811790.562128
69477.91666666667	4634722575.354955
69542.08333333333	11285962103.244364
69605.83333333333	10290043268.188044
69670.0	15345414821.14716
69734.16666666667	15418040685.508741
69797.91666666667	9500613630.962364
69862.08333333333	4662530764.394865
69925.83333333333	14269725371.74537
69990.0	6649978336.505527
70054.16666666667	17792665832.224934
70117.91666666667	17208955346.812477
70182.08333333333	11505852029.868666
70245.83333333333	4943864074.930592
70310.0	11550116839.921648
70374.16666666667	15773329967.828064
70437.91666666667	11594579106.067604
70502.08333333333	6373905043.30867
70565.83333333333	14091357694.656935
70630.0	12505515646.714746
70694.16666666667	15641166041.129929
70757.91666666667	15953163873.7606
70822.08333333333	11728713389.001492
70885.83333333333	4371146695.693874
70950.0	4950035447.253456
71014.16666666667	9207717725.512796
71077.91666666667	14058469690.709455
71142.08333333333	9231615608.785995
71205.83333333333	17403314164.955235
71270.0	4756399998.360568
71334.16666666667	17094883242.20187
71397.91666666667	6463262493.901706
71462.08333333333	11954387248.491362
71525.83333333333	17717884950.383396
71590.0	11999856429.866894
71654.16666666667	8105161068.052397
71717.91666666667	12045361023.529709
71782.08333333333	17736714319.13898
71845.83333333333	14666677618.581997
71910.0	12114032186.755434
71974.16666666667	12136938628.43194
72037.91666666667	5771078127.921727
72102.08333333333	14066887109.960913
72165.83333333333	15330053134.614494
72230.0	14819293497.975533
72294.16666666667	8566413058.435192
72357.91666666667	12275245846.608984
72422.08333333333	16953210023.1449
72485.83333333333	16101951191.54494
72550.0	10669815858.415386
72614.16666666667	5710623986.3302765
72677.91666666667	6378193833.139852
72742.08333333333	12414422826.022043
72805.83333333333	12437815588.336536
72870.0	12461129831.352379
72934.16666666667	9883351047.104439
73000.0	12508525836.22131
