t	Reservoir_p	bhp	Reservoir_m(p)	Downhole_m(p)	Delta_m(p)
0.000000	5000.000000	5000.330000	937412362.450065	937477522.364222	-65159.914157
0.250000	4985.350000	300.000000	937412362.450065	6715497.606019	930696864.844046
0.330408	4982.340000	300.000000	937412362.450065	6715497.606019	930696864.844046
0.486196	4977.850000	300.000000	937412362.450065	6715497.606019	930696864.844046
0.797767	4971.030000	300.000000	937412362.450065	6715497.606019	930696864.844046
1.420908	4960.860000	300.000000	937412362.450065	6715497.606019	930696864.844046
2.667196	4945.920000	300.000000	937412362.450065	6715497.606019	930696864.844046
5.077250	4924.920000	300.000000	937412362.450065	6715497.606019	930696864.844046
9.897375	4894.700000	300.000000	937412362.450065	6715497.606019	930696864.844046
19.198042	4852.840000	300.000000	937412362.450065	6715497.606019	930696864.844046
35.644875	4798.840000	300.000000	937412362.450065	6715497.606019	930696864.844046
66.059583	4725.680000	300.000000	937412362.450065	6715497.606019	930696864.844046
124.992083	4622.650000	300.000000	937412362.450065	6715497.606019	930696864.844046
188.992083	4533.870000	300.000000	937412362.450065	6715497.606019	930696864.844046
252.992083	4458.560000	300.000000	937412362.450065	6715497.606019	930696864.844046
316.992083	4392.150000	300.000000	937412362.450065	6715497.606019	930696864.844046
380.992083	4332.150000	300.000000	937412362.450065	6715497.606019	930696864.844046
444.991667	4277.020000	300.000000	937412362.450065	6715497.606019	930696864.844046
508.991667	4225.770000	300.000000	937412362.450065	6715497.606019	930696864.844046
572.991667	4177.670000	300.000000	937412362.450065	6715497.606019	930696864.844046
636.991667	4132.220000	300.000000	937412362.450065	6715497.606019	930696864.844046
700.991667	4089.020000	300.000000	937412362.450065	6715497.606019	930696864.844046
764.991667	4047.780000	300.000000	937412362.450065	6715497.606019	930696864.844046
828.991667	4008.260000	300.000000	937412362.450065	6715497.606019	930696864.844046
892.991667	3970.270000	300.000000	937412362.450065	6715497.606019	930696864.844046
956.991667	3933.640000	300.000000	937412362.450065	6715497.606019	930696864.844046
1020.991667	3898.250000	300.000000	937412362.450065	6715497.606019	930696864.844046
1084.991667	3863.980000	300.000000	937412362.450065	6715497.606019	930696864.844046
1148.991667	3830.750000	300.000000	937412362.450065	6715497.606019	930696864.844046
1212.991667	3798.470000	300.000000	937412362.450065	6715497.606019	930696864.844046
1276.991667	3767.080000	300.000000	937412362.450065	6715497.606019	930696864.844046
1340.991667	3736.520000	300.000000	937412362.450065	6715497.606019	930696864.844046
1404.991667	3706.720000	300.000000	937412362.450065	6715497.606019	930696864.844046
1468.991667	3677.660000	300.000000	937412362.450065	6715497.606019	930696864.844046
1532.991667	3649.280000	300.000000	937412362.450065	6715497.606019	930696864.844046
1596.991667	3621.550000	300.000000	937412362.450065	6715497.606019	930696864.844046
1660.991667	3594.430000	300.000000	937412362.450065	6715497.606019	930696864.844046
1724.991667	3567.890000	300.000000	937412362.450065	6715497.606019	930696864.844046
1788.991667	3541.920000	300.000000	937412362.450065	6715497.606019	930696864.844046
1852.991667	3516.480000	300.000000	937412362.450065	6715497.606019	930696864.844046
1916.991667	3491.540000	300.000000	937412362.450065	6715497.606019	930696864.844046
1980.991667	3467.090000	300.000000	937412362.450065	6715497.606019	930696864.844046
2044.991667	3443.120000	300.000000	937412362.450065	6715497.606019	930696864.844046
2108.991667	3419.530000	300.000000	937412362.450065	6715497.606019	930696864.844046
2172.991667	3396.380000	300.000000	937412362.450065	6715497.606019	930696864.844046
2236.991667	3373.640000	300.000000	937412362.450065	6715497.606019	930696864.844046
2300.991667	3351.320000	300.000000	937412362.450065	6715497.606019	930696864.844046
2364.991667	3329.380000	300.000000	937412362.450065	6715497.606019	930696864.844046
2428.991667	3307.820000	300.000000	937412362.450065	6715497.606019	930696864.844046
2492.991667	3286.620000	300.000000	937412362.450065	6715497.606019	930696864.844046
2556.991667	3265.780000	300.000000	937412362.450065	6715497.606019	930696864.844046
2620.991667	3245.280000	300.000000	937412362.450065	6715497.606019	930696864.844046
2684.991667	3225.110000	300.000000	937412362.450065	6715497.606019	930696864.844046
2748.991667	3205.260000	300.000000	937412362.450065	6715497.606019	930696864.844046
2812.991667	3185.720000	300.000000	937412362.450065	6715497.606019	930696864.844046
2876.991667	3166.480000	300.000000	937412362.450065	6715497.606019	930696864.844046
2940.991667	3147.540000	300.000000	937412362.450065	6715497.606019	930696864.844046
3004.991667	3128.890000	300.000000	937412362.450065	6715497.606019	930696864.844046
3068.991667	3110.510000	300.000000	937412362.450065	6715497.606019	930696864.844046
3132.991667	3092.400000	300.000000	937412362.450065	6715497.606019	930696864.844046
3196.991667	3074.550000	300.000000	937412362.450065	6715497.606019	930696864.844046
3260.991667	3056.960000	300.000000	937412362.450065	6715497.606019	930696864.844046
3324.991667	3039.620000	300.000000	937412362.450065	6715497.606019	930696864.844046
3388.991667	3022.530000	300.000000	937412362.450065	6715497.606019	930696864.844046
3452.991667	3005.660000	300.000000	937412362.450065	6715497.606019	930696864.844046
3516.991667	2989.030000	300.000000	937412362.450065	6715497.606019	930696864.844046
3580.991667	2972.630000	300.000000	937412362.450065	6715497.606019	930696864.844046
3650.000000	2955.190000	300.000000	937412362.450065	6715497.606019	930696864.844046
3714.000000	2939.230000	300.000000	937412362.450065	6715497.606019	930696864.844046
3778.000000	2923.490000	300.000000	937412362.450065	6715497.606019	930696864.844046
3842.000000	2907.950000	300.000000	937412362.450065	6715497.606019	930696864.844046
3906.000000	2892.600000	300.000000	937412362.450065	6715497.606019	930696864.844046
3970.000000	2877.460000	300.000000	937412362.450065	6715497.606019	930696864.844046
4034.000000	2862.500000	300.000000	937412362.450065	6715497.606019	930696864.844046
4098.000000	2847.730000	300.000000	937412362.450065	6715497.606019	930696864.844046
4162.000000	2833.140000	300.000000	937412362.450065	6715497.606019	930696864.844046
4226.000000	2818.730000	300.000000	937412362.450065	6715497.606019	930696864.844046
4290.000000	2804.500000	300.000000	937412362.450065	6715497.606019	930696864.844046
4354.000000	2790.430000	300.000000	937412362.450065	6715497.606019	930696864.844046
4418.000000	2776.540000	300.000000	937412362.450065	6715497.606019	930696864.844046
4482.000000	2762.800000	300.000000	937412362.450065	6715497.606019	930696864.844046
4546.000000	2749.230000	300.000000	937412362.450065	6715497.606019	930696864.844046
4610.000000	2735.810000	300.000000	937412362.450065	6715497.606019	930696864.844046
4674.000000	2722.550000	300.000000	937412362.450065	6715497.606019	930696864.844046
4738.000000	2709.440000	300.000000	937412362.450065	6715497.606019	930696864.844046
4802.000000	2696.480000	300.000000	937412362.450065	6715497.606019	930696864.844046
4866.000000	2683.660000	300.000000	937412362.450065	6715497.606019	930696864.844046
4930.000000	2670.980000	300.000000	937412362.450065	6715497.606019	930696864.844046
4994.000000	2658.450000	300.000000	937412362.450065	6715497.606019	930696864.844046
5058.000000	2646.050000	300.000000	937412362.450065	6715497.606019	930696864.844046
5122.000000	2633.790000	300.000000	937412362.450065	6715497.606019	930696864.844046
5186.000000	2621.650000	300.000000	937412362.450065	6715497.606019	930696864.844046
5250.000000	2609.650000	300.000000	937412362.450065	6715497.606019	930696864.844046
5314.000000	2597.770000	300.000000	937412362.450065	6715497.606019	930696864.844046
5378.000000	2586.020000	300.000000	937412362.450065	6715497.606019	930696864.844046
5442.000000	2574.390000	300.000000	937412362.450065	6715497.606019	930696864.844046
5506.000000	2562.880000	300.000000	937412362.450065	6715497.606019	930696864.844046
5570.000000	2551.490000	300.000000	937412362.450065	6715497.606019	930696864.844046
5634.000000	2540.220000	300.000000	937412362.450065	6715497.606019	930696864.844046
5698.000000	2529.060000	300.000000	937412362.450065	6715497.606019	930696864.844046
5762.000000	2518.010000	300.000000	937412362.450065	6715497.606019	930696864.844046
5826.000000	2507.070000	300.000000	937412362.450065	6715497.606019	930696864.844046
5890.000000	2496.240000	300.000000	937412362.450065	6715497.606019	930696864.844046
5954.000000	2485.520000	300.000000	937412362.450065	6715497.606019	930696864.844046
6018.000000	2474.900000	300.000000	937412362.450065	6715497.606019	930696864.844046
6082.000000	2464.380000	300.000000	937412362.450065	6715497.606019	930696864.844046
6146.000000	2453.970000	300.000000	937412362.450065	6715497.606019	930696864.844046
6210.000000	2443.660000	300.000000	937412362.450065	6715497.606019	930696864.844046
6274.000000	2433.440000	300.000000	937412362.450065	6715497.606019	930696864.844046
6338.000000	2423.320000	300.000000	937412362.450065	6715497.606019	930696864.844046
6402.000000	2413.290000	300.000000	937412362.450065	6715497.606019	930696864.844046
6466.000000	2403.360000	300.000000	937412362.450065	6715497.606019	930696864.844046
6530.000000	2393.530000	300.000000	937412362.450065	6715497.606019	930696864.844046
6594.000000	2383.780000	300.000000	937412362.450065	6715497.606019	930696864.844046
6658.000000	2374.120000	300.000000	937412362.450065	6715497.606019	930696864.844046
6722.000000	2364.540000	300.000000	937412362.450065	6715497.606019	930696864.844046
6786.000000	2355.060000	300.000000	937412362.450065	6715497.606019	930696864.844046
6850.000000	2345.660000	300.000000	937412362.450065	6715497.606019	930696864.844046
6914.000000	2336.340000	300.000000	937412362.450065	6715497.606019	930696864.844046
6978.000000	2327.110000	300.000000	937412362.450065	6715497.606019	930696864.844046
7042.000000	2317.960000	300.000000	937412362.450065	6715497.606019	930696864.844046
7106.000000	2308.880000	300.000000	937412362.450065	6715497.606019	930696864.844046
7170.000000	2299.890000	300.000000	937412362.450065	6715497.606019	930696864.844046
7234.000000	2290.970000	300.000000	937412362.450065	6715497.606019	930696864.844046
7300.000000	2281.860000	300.000000	937412362.450065	6715497.606019	930696864.844046
7364.000000	2273.100000	300.000000	937412362.450065	6715497.606019	930696864.844046
7428.000000	2264.420000	300.000000	937412362.450065	6715497.606019	930696864.844046
7492.000000	2255.800000	300.000000	937412362.450065	6715497.606019	930696864.844046
7556.000000	2247.260000	300.000000	937412362.450065	6715497.606019	930696864.844046
7620.000000	2238.790000	300.000000	937412362.450065	6715497.606019	930696864.844046
7684.000000	2230.390000	300.000000	937412362.450065	6715497.606019	930696864.844046
7748.000000	2222.060000	300.000000	937412362.450065	6715497.606019	930696864.844046
7812.000000	2213.800000	300.000000	937412362.450065	6715497.606019	930696864.844046
7876.000000	2205.610000	300.000000	937412362.450065	6715497.606019	930696864.844046
7940.000000	2197.480000	300.000000	937412362.450065	6715497.606019	930696864.844046
8004.000000	2189.420000	300.000000	937412362.450065	6715497.606019	930696864.844046
8068.000000	2181.420000	300.000000	937412362.450065	6715497.606019	930696864.844046
8132.000000	2173.490000	300.000000	937412362.450065	6715497.606019	930696864.844046
8196.000000	2165.610000	300.000000	937412362.450065	6715497.606019	930696864.844046
8260.000000	2157.810000	300.000000	937412362.450065	6715497.606019	930696864.844046
8324.000000	2150.060000	300.000000	937412362.450065	6715497.606019	930696864.844046
8388.000000	2142.370000	300.000000	937412362.450065	6715497.606019	930696864.844046
8452.000000	2134.750000	300.000000	937412362.450065	6715497.606019	930696864.844046
8516.000000	2127.180000	300.000000	937412362.450065	6715497.606019	930696864.844046
8580.000000	2119.670000	300.000000	937412362.450065	6715497.606019	930696864.844046
8644.000000	2112.220000	300.000000	937412362.450065	6715497.606019	930696864.844046
8708.000000	2104.830000	300.000000	937412362.450065	6715497.606019	930696864.844046
8772.000000	2097.490000	300.000000	937412362.450065	6715497.606019	930696864.844046
8836.000000	2090.210000	300.000000	937412362.450065	6715497.606019	930696864.844046
8900.000000	2082.980000	300.000000	937412362.450065	6715497.606019	930696864.844046
8964.000000	2075.810000	300.000000	937412362.450065	6715497.606019	930696864.844046
9028.000000	2068.690000	300.000000	937412362.450065	6715497.606019	930696864.844046
9092.000000	2061.620000	300.000000	937412362.450065	6715497.606019	930696864.844046
9156.000000	2054.610000	300.000000	937412362.450065	6715497.606019	930696864.844046
9220.000000	2047.640000	300.000000	937412362.450065	6715497.606019	930696864.844046
9284.000000	2040.730000	300.000000	937412362.450065	6715497.606019	930696864.844046
9348.000000	2033.870000	300.000000	937412362.450065	6715497.606019	930696864.844046
9412.000000	2027.050000	300.000000	937412362.450065	6715497.606019	930696864.844046
9476.000000	2020.290000	300.000000	937412362.450065	6715497.606019	930696864.844046
9540.000000	2013.570000	300.000000	937412362.450065	6715497.606019	930696864.844046
9604.000000	2006.900000	300.000000	937412362.450065	6715497.606019	930696864.844046
9668.000000	2000.280000	300.000000	937412362.450065	6715497.606019	930696864.844046
9732.000000	1993.710000	300.000000	937412362.450065	6715497.606019	930696864.844046
9796.000000	1987.180000	300.000000	937412362.450065	6715497.606019	930696864.844046
9860.000000	1980.700000	300.000000	937412362.450065	6715497.606019	930696864.844046
9924.000000	1974.260000	300.000000	937412362.450065	6715497.606019	930696864.844046
9988.000000	1967.870000	300.000000	937412362.450065	6715497.606019	930696864.844046
10052.000000	1961.520000	300.000000	937412362.450065	6715497.606019	930696864.844046
10116.000000	1955.220000	300.000000	937412362.450065	6715497.606019	930696864.844046
10180.000000	1948.950000	300.000000	937412362.450065	6715497.606019	930696864.844046
10244.000000	1942.740000	300.000000	937412362.450065	6715497.606019	930696864.844046
10308.000000	1936.560000	300.000000	937412362.450065	6715497.606019	930696864.844046
10372.000000	1930.420000	300.000000	937412362.450065	6715497.606019	930696864.844046
10436.000000	1924.330000	300.000000	937412362.450065	6715497.606019	930696864.844046
10500.000000	1918.280000	300.000000	937412362.450065	6715497.606019	930696864.844046
10564.000000	1912.270000	300.000000	937412362.450065	6715497.606019	930696864.844046
10628.000000	1906.290000	300.000000	937412362.450065	6715497.606019	930696864.844046
10692.000000	1900.360000	300.000000	937412362.450065	6715497.606019	930696864.844046
10756.000000	1894.470000	300.000000	937412362.450065	6715497.606019	930696864.844046
10820.000000	1888.610000	300.000000	937412362.450065	6715497.606019	930696864.844046
10884.000000	1882.790000	300.000000	937412362.450065	6715497.606019	930696864.844046
10950.000000	1876.840000	300.000000	937412362.450065	6715497.606019	930696864.844046
11014.000000	1871.100000	300.000000	937412362.450065	6715497.606019	930696864.844046
11078.000000	1865.390000	300.000000	937412362.450065	6715497.606019	930696864.844046
11142.000000	1859.730000	300.000000	937412362.450065	6715497.606019	930696864.844046
11206.000000	1854.100000	300.000000	937412362.450065	6715497.606019	930696864.844046
11270.000000	1848.500000	300.000000	937412362.450065	6715497.606019	930696864.844046
11334.000000	1842.940000	300.000000	937412362.450065	6715497.606019	930696864.844046
11398.000000	1837.420000	300.000000	937412362.450065	6715497.606019	930696864.844046
11462.000000	1831.930000	300.000000	937412362.450065	6715497.606019	930696864.844046
11526.000000	1826.470000	300.000000	937412362.450065	6715497.606019	930696864.844046
11590.000000	1821.050000	300.000000	937412362.450065	6715497.606019	930696864.844046
11654.000000	1815.670000	300.000000	937412362.450065	6715497.606019	930696864.844046
11718.000000	1810.310000	300.000000	937412362.450065	6715497.606019	930696864.844046
11782.000000	1804.990000	300.000000	937412362.450065	6715497.606019	930696864.844046
11846.000000	1799.710000	300.000000	937412362.450065	6715497.606019	930696864.844046
11910.000000	1794.450000	300.000000	937412362.450065	6715497.606019	930696864.844046
11974.000000	1789.230000	300.000000	937412362.450065	6715497.606019	930696864.844046
12038.000000	1784.040000	300.000000	937412362.450065	6715497.606019	930696864.844046
12102.000000	1778.880000	300.000000	937412362.450065	6715497.606019	930696864.844046
12166.000000	1773.750000	300.000000	937412362.450065	6715497.606019	930696864.844046
12230.000000	1768.650000	300.000000	937412362.450065	6715497.606019	930696864.844046
12294.000000	1763.590000	300.000000	937412362.450065	6715497.606019	930696864.844046
12358.000000	1758.550000	300.000000	937412362.450065	6715497.606019	930696864.844046
12422.000000	1753.540000	300.000000	937412362.450065	6715497.606019	930696864.844046
12486.000000	1748.570000	300.000000	937412362.450065	6715497.606019	930696864.844046
12550.000000	1743.620000	300.000000	937412362.450065	6715497.606019	930696864.844046
12614.000000	1738.700000	300.000000	937412362.450065	6715497.606019	930696864.844046
12678.000000	1733.810000	300.000000	937412362.450065	6715497.606019	930696864.844046
12742.000000	1728.950000	300.000000	937412362.450065	6715497.606019	930696864.844046
12806.000000	1724.120000	300.000000	937412362.450065	6715497.606019	930696864.844046
12870.000000	1719.310000	300.000000	937412362.450065	6715497.606019	930696864.844046
12934.000000	1714.540000	300.000000	937412362.450065	6715497.606019	930696864.844046
12998.000000	1709.790000	300.000000	937412362.450065	6715497.606019	930696864.844046
13062.000000	1705.070000	300.000000	937412362.450065	6715497.606019	930696864.844046
13126.000000	1700.370000	300.000000	937412362.450065	6715497.606019	930696864.844046
13190.000000	1695.710000	300.000000	937412362.450065	6715497.606019	930696864.844046
13254.000000	1691.060000	300.000000	937412362.450065	6715497.606019	930696864.844046
13318.000000	1686.450000	300.000000	937412362.450065	6715497.606019	930696864.844046
13382.000000	1681.860000	300.000000	937412362.450065	6715497.606019	930696864.844046
13446.000000	1677.300000	300.000000	937412362.450065	6715497.606019	930696864.844046
13510.000000	1672.760000	300.000000	937412362.450065	6715497.606019	930696864.844046
13574.000000	1668.250000	300.000000	937412362.450065	6715497.606019	930696864.844046
13638.000000	1663.760000	300.000000	937412362.450065	6715497.606019	930696864.844046
13702.000000	1659.300000	300.000000	937412362.450065	6715497.606019	930696864.844046
13766.000000	1654.870000	300.000000	937412362.450065	6715497.606019	930696864.844046
13830.000000	1650.450000	300.000000	937412362.450065	6715497.606019	930696864.844046
13894.000000	1646.070000	300.000000	937412362.450065	6715497.606019	930696864.844046
13958.000000	1641.700000	300.000000	937412362.450065	6715497.606019	930696864.844046
14022.000000	1637.360000	300.000000	937412362.450065	6715497.606019	930696864.844046
14086.000000	1633.050000	300.000000	937412362.450065	6715497.606019	930696864.844046
14150.000000	1628.750000	300.000000	937412362.450065	6715497.606019	930696864.844046
14214.000000	1624.480000	300.000000	937412362.450065	6715497.606019	930696864.844046
14278.000000	1620.240000	300.000000	937412362.450065	6715497.606019	930696864.844046
14342.000000	1616.010000	300.000000	937412362.450065	6715497.606019	930696864.844046
14406.000000	1611.810000	300.000000	937412362.450065	6715497.606019	930696864.844046
14470.000000	1607.640000	300.000000	937412362.450065	6715497.606019	930696864.844046
14534.000000	1603.480000	300.000000	937412362.450065	6715497.606019	930696864.844046
14600.000000	1599.220000	300.000000	937412362.450065	6715497.606019	930696864.844046
14664.000000	1595.110000	300.000000	937412362.450065	6715497.606019	930696864.844046
14728.000000	1591.020000	300.000000	937412362.450065	6715497.606019	930696864.844046
14792.000000	1586.950000	300.000000	937412362.450065	6715497.606019	930696864.844046
14856.000000	1582.900000	300.000000	937412362.450065	6715497.606019	930696864.844046
14920.000000	1578.880000	300.000000	937412362.450065	6715497.606019	930696864.844046
14984.000000	1574.870000	300.000000	937412362.450065	6715497.606019	930696864.844046
15048.000000	1570.890000	300.000000	937412362.450065	6715497.606019	930696864.844046
15112.000000	1566.930000	300.000000	937412362.450065	6715497.606019	930696864.844046
15176.000000	1562.990000	300.000000	937412362.450065	6715497.606019	930696864.844046
15240.000000	1559.070000	300.000000	937412362.450065	6715497.606019	930696864.844046
15304.000000	1555.160000	300.000000	937412362.450065	6715497.606019	930696864.844046
15368.000000	1551.280000	300.000000	937412362.450065	6715497.606019	930696864.844046
15432.000000	1547.420000	300.000000	937412362.450065	6715497.606019	930696864.844046
15496.000000	1543.580000	300.000000	937412362.450065	6715497.606019	930696864.844046
15560.000000	1539.760000	300.000000	937412362.450065	6715497.606019	930696864.844046
15624.000000	1535.960000	300.000000	937412362.450065	6715497.606019	930696864.844046
15688.000000	1532.170000	300.000000	937412362.450065	6715497.606019	930696864.844046
15752.000000	1528.410000	300.000000	937412362.450065	6715497.606019	930696864.844046
15816.000000	1524.660000	300.000000	937412362.450065	6715497.606019	930696864.844046
15880.000000	1520.940000	300.000000	937412362.450065	6715497.606019	930696864.844046
15944.000000	1517.230000	300.000000	937412362.450065	6715497.606019	930696864.844046
16008.000000	1513.540000	300.000000	937412362.450065	6715497.606019	930696864.844046
16072.000000	1509.870000	300.000000	937412362.450065	6715497.606019	930696864.844046
16136.000000	1506.220000	300.000000	937412362.450065	6715497.606019	930696864.844046
16200.000000	1502.580000	300.000000	937412362.450065	6715497.606019	930696864.844046
16264.000000	1498.970000	300.000000	937412362.450065	6715497.606019	930696864.844046
16328.000000	1495.370000	300.000000	937412362.450065	6715497.606019	930696864.844046
16392.000000	1491.790000	300.000000	937412362.450065	6715497.606019	930696864.844046
16456.000000	1488.230000	300.000000	937412362.450065	6715497.606019	930696864.844046
16520.000000	1484.680000	300.000000	937412362.450065	6715497.606019	930696864.844046
16584.000000	1481.150000	300.000000	937412362.450065	6715497.606019	930696864.844046
16648.000000	1477.640000	300.000000	937412362.450065	6715497.606019	930696864.844046
16712.000000	1474.150000	300.000000	937412362.450065	6715497.606019	930696864.844046
16776.000000	1470.670000	300.000000	937412362.450065	6715497.606019	930696864.844046
16840.000000	1467.210000	300.000000	937412362.450065	6715497.606019	930696864.844046
16904.000000	1463.770000	300.000000	937412362.450065	6715497.606019	930696864.844046
16968.000000	1460.340000	300.000000	937412362.450065	6715497.606019	930696864.844046
17032.000000	1456.930000	300.000000	937412362.450065	6715497.606019	930696864.844046
17096.000000	1453.530000	300.000000	937412362.450065	6715497.606019	930696864.844046
17160.000000	1450.150000	300.000000	937412362.450065	6715497.606019	930696864.844046
17224.000000	1446.790000	300.000000	937412362.450065	6715497.606019	930696864.844046
17288.000000	1443.450000	300.000000	937412362.450065	6715497.606019	930696864.844046
17352.000000	1440.120000	300.000000	937412362.450065	6715497.606019	930696864.844046
17416.000000	1436.800000	300.000000	937412362.450065	6715497.606019	930696864.844046
17480.000000	1433.500000	300.000000	937412362.450065	6715497.606019	930696864.844046
17544.000000	1430.220000	300.000000	937412362.450065	6715497.606019	930696864.844046
17608.000000	1426.950000	300.000000	937412362.450065	6715497.606019	930696864.844046
17672.000000	1423.700000	300.000000	937412362.450065	6715497.606019	930696864.844046
17736.000000	1420.460000	300.000000	937412362.450065	6715497.606019	930696864.844046
17800.000000	1417.240000	300.000000	937412362.450065	6715497.606019	930696864.844046
17864.000000	1414.030000	300.000000	937412362.450065	6715497.606019	930696864.844046
17928.000000	1410.840000	300.000000	937412362.450065	6715497.606019	930696864.844046
17992.000000	1407.660000	300.000000	937412362.450065	6715497.606019	930696864.844046
18056.000000	1404.500000	300.000000	937412362.450065	6715497.606019	930696864.844046
18120.000000	1401.350000	300.000000	937412362.450065	6715497.606019	930696864.844046
18184.000000	1398.210000	300.000000	937412362.450065	6715497.606019	930696864.844046
18250.000000	1395.000000	300.000000	937412362.450065	6715497.606019	930696864.844046
18314.000000	1391.890000	300.000000	937412362.450065	6715497.606019	930696864.844046
18378.000000	1388.800000	300.000000	937412362.450065	6715497.606019	930696864.844046
18442.000000	1385.720000	300.000000	937412362.450065	6715497.606019	930696864.844046
18506.000000	1382.660000	300.000000	937412362.450065	6715497.606019	930696864.844046
18570.000000	1379.610000	300.000000	937412362.450065	6715497.606019	930696864.844046
18634.000000	1376.570000	300.000000	937412362.450065	6715497.606019	930696864.844046
18698.000000	1373.550000	300.000000	937412362.450065	6715497.606019	930696864.844046
18762.000000	1370.540000	300.000000	937412362.450065	6715497.606019	930696864.844046
18826.000000	1367.550000	300.000000	937412362.450065	6715497.606019	930696864.844046
18890.000000	1364.570000	300.000000	937412362.450065	6715497.606019	930696864.844046
18954.000000	1361.600000	300.000000	937412362.450065	6715497.606019	930696864.844046
19018.000000	1358.640000	300.000000	937412362.450065	6715497.606019	930696864.844046
19082.000000	1355.700000	300.000000	937412362.450065	6715497.606019	930696864.844046
19146.000000	1352.770000	300.000000	937412362.450065	6715497.606019	930696864.844046
19210.000000	1349.860000	300.000000	937412362.450065	6715497.606019	930696864.844046
19274.000000	1346.960000	300.000000	937412362.450065	6715497.606019	930696864.844046
19338.000000	1344.070000	300.000000	937412362.450065	6715497.606019	930696864.844046
19402.000000	1341.190000	300.000000	937412362.450065	6715497.606019	930696864.844046
19466.000000	1338.320000	300.000000	937412362.450065	6715497.606019	930696864.844046
19530.000000	1335.470000	300.000000	937412362.450065	6715497.606019	930696864.844046
19594.000000	1332.630000	300.000000	937412362.450065	6715497.606019	930696864.844046
19658.000000	1329.800000	300.000000	937412362.450065	6715497.606019	930696864.844046
19722.000000	1326.990000	300.000000	937412362.450065	6715497.606019	930696864.844046
19786.000000	1324.190000	300.000000	937412362.450065	6715497.606019	930696864.844046
19850.000000	1321.390000	300.000000	937412362.450065	6715497.606019	930696864.844046
19914.000000	1318.620000	300.000000	937412362.450065	6715497.606019	930696864.844046
19978.000000	1315.850000	300.000000	937412362.450065	6715497.606019	930696864.844046
20042.000000	1313.090000	300.000000	937412362.450065	6715497.606019	930696864.844046
20106.000000	1310.350000	300.000000	937412362.450065	6715497.606019	930696864.844046
20170.000000	1307.620000	300.000000	937412362.450065	6715497.606019	930696864.844046
20234.000000	1304.900000	300.000000	937412362.450065	6715497.606019	930696864.844046
20298.000000	1302.190000	300.000000	937412362.450065	6715497.606019	930696864.844046
20362.000000	1299.490000	300.000000	937412362.450065	6715497.606019	930696864.844046
20426.000000	1296.810000	300.000000	937412362.450065	6715497.606019	930696864.844046
20490.000000	1294.140000	300.000000	937412362.450065	6715497.606019	930696864.844046
20554.000000	1291.470000	300.000000	937412362.450065	6715497.606019	930696864.844046
20618.000000	1288.820000	300.000000	937412362.450065	6715497.606019	930696864.844046
20682.000000	1286.180000	300.000000	937412362.450065	6715497.606019	930696864.844046
20746.000000	1283.550000	300.000000	937412362.450065	6715497.606019	930696864.844046
20810.000000	1280.940000	300.000000	937412362.450065	6715497.606019	930696864.844046
20874.000000	1278.330000	300.000000	937412362.450065	6715497.606019	930696864.844046
20938.000000	1275.730000	300.000000	937412362.450065	6715497.606019	930696864.844046
21002.000000	1273.150000	300.000000	937412362.450065	6715497.606019	930696864.844046
21066.000000	1270.570000	300.000000	937412362.450065	6715497.606019	930696864.844046
21130.000000	1268.010000	300.000000	937412362.450065	6715497.606019	930696864.844046
21194.000000	1265.460000	300.000000	937412362.450065	6715497.606019	930696864.844046
21258.000000	1262.910000	300.000000	937412362.450065	6715497.606019	930696864.844046
21322.000000	1260.380000	300.000000	937412362.450065	6715497.606019	930696864.844046
21386.000000	1257.860000	300.000000	937412362.450065	6715497.606019	930696864.844046
21450.000000	1255.350000	300.000000	937412362.450065	6715497.606019	930696864.844046
21514.000000	1252.850000	300.000000	937412362.450065	6715497.606019	930696864.844046
21578.000000	1250.360000	300.000000	937412362.450065	6715497.606019	930696864.844046
21642.000000	1247.870000	300.000000	937412362.450065	6715497.606019	930696864.844046
21706.000000	1245.400000	300.000000	937412362.450065	6715497.606019	930696864.844046
21770.000000	1242.940000	300.000000	937412362.450065	6715497.606019	930696864.844046
21834.000000	1240.490000	300.000000	937412362.450065	6715497.606019	930696864.844046
21900.000000	1237.980000	300.000000	937412362.450065	6715497.606019	930696864.844046
21964.000000	1235.550000	300.000000	937412362.450065	6715497.606019	930696864.844046
22028.000000	1233.130000	300.000000	937412362.450065	6715497.606019	930696864.844046
22092.000000	1230.720000	300.000000	937412362.450065	6715497.606019	930696864.844046
22156.000000	1228.310000	300.000000	937412362.450065	6715497.606019	930696864.844046
22220.000000	1225.920000	300.000000	937412362.450065	6715497.606019	930696864.844046
22284.000000	1223.540000	300.000000	937412362.450065	6715497.606019	930696864.844046
22348.000000	1221.170000	300.000000	937412362.450065	6715497.606019	930696864.844046
22412.000000	1218.810000	300.000000	937412362.450065	6715497.606019	930696864.844046
22476.000000	1216.450000	300.000000	937412362.450065	6715497.606019	930696864.844046
22540.000000	1214.110000	300.000000	937412362.450065	6715497.606019	930696864.844046
22604.000000	1211.770000	300.000000	937412362.450065	6715497.606019	930696864.844046
22668.000000	1209.450000	300.000000	937412362.450065	6715497.606019	930696864.844046
22732.000000	1207.130000	300.000000	937412362.450065	6715497.606019	930696864.844046
22796.000000	1204.820000	300.000000	937412362.450065	6715497.606019	930696864.844046
22860.000000	1202.530000	300.000000	937412362.450065	6715497.606019	930696864.844046
22924.000000	1200.240000	300.000000	937412362.450065	6715497.606019	930696864.844046
22988.000000	1197.960000	300.000000	937412362.450065	6715497.606019	930696864.844046
23052.000000	1195.690000	300.000000	937412362.450065	6715497.606019	930696864.844046
23116.000000	1193.420000	300.000000	937412362.450065	6715497.606019	930696864.844046
23180.000000	1191.170000	300.000000	937412362.450065	6715497.606019	930696864.844046
23244.000000	1188.930000	300.000000	937412362.450065	6715497.606019	930696864.844046
23308.000000	1186.690000	300.000000	937412362.450065	6715497.606019	930696864.844046
23372.000000	1184.460000	300.000000	937412362.450065	6715497.606019	930696864.844046
23436.000000	1182.250000	300.000000	937412362.450065	6715497.606019	930696864.844046
23500.000000	1180.040000	300.000000	937412362.450065	6715497.606019	930696864.844046
23564.000000	1177.830000	300.000000	937412362.450065	6715497.606019	930696864.844046
23628.000000	1175.640000	300.000000	937412362.450065	6715497.606019	930696864.844046
23692.000000	1173.460000	300.000000	937412362.450065	6715497.606019	930696864.844046
23756.000000	1171.280000	300.000000	937412362.450065	6715497.606019	930696864.844046
23820.000000	1169.110000	300.000000	937412362.450065	6715497.606019	930696864.844046
23884.000000	1166.950000	300.000000	937412362.450065	6715497.606019	930696864.844046
23948.000000	1164.800000	300.000000	937412362.450065	6715497.606019	930696864.844046
24012.000000	1162.660000	300.000000	937412362.450065	6715497.606019	930696864.844046
24076.000000	1160.520000	300.000000	937412362.450065	6715497.606019	930696864.844046
24140.000000	1158.400000	300.000000	937412362.450065	6715497.606019	930696864.844046
24204.000000	1156.280000	300.000000	937412362.450065	6715497.606019	930696864.844046
24268.000000	1154.170000	300.000000	937412362.450065	6715497.606019	930696864.844046
24332.000000	1152.070000	300.000000	937412362.450065	6715497.606019	930696864.844046
24396.000000	1149.970000	300.000000	937412362.450065	6715497.606019	930696864.844046
24460.000000	1147.890000	300.000000	937412362.450065	6715497.606019	930696864.844046
24524.000000	1145.810000	300.000000	937412362.450065	6715497.606019	930696864.844046
24588.000000	1143.740000	300.000000	937412362.450065	6715497.606019	930696864.844046
24652.000000	1141.670000	300.000000	937412362.450065	6715497.606019	930696864.844046
24716.000000	1139.620000	300.000000	937412362.450065	6715497.606019	930696864.844046
24780.000000	1137.570000	300.000000	937412362.450065	6715497.606019	930696864.844046
24844.000000	1135.530000	300.000000	937412362.450065	6715497.606019	930696864.844046
24908.000000	1133.500000	300.000000	937412362.450065	6715497.606019	930696864.844046
24972.000000	1131.470000	300.000000	937412362.450065	6715497.606019	930696864.844046
25036.000000	1129.450000	300.000000	937412362.450065	6715497.606019	930696864.844046
25100.000000	1127.440000	300.000000	937412362.450065	6715497.606019	930696864.844046
25164.000000	1125.440000	300.000000	937412362.450065	6715497.606019	930696864.844046
25228.000000	1123.450000	300.000000	937412362.450065	6715497.606019	930696864.844046
25292.000000	1121.460000	300.000000	937412362.450065	6715497.606019	930696864.844046
25356.000000	1119.480000	300.000000	937412362.450065	6715497.606019	930696864.844046
25420.000000	1117.500000	300.000000	937412362.450065	6715497.606019	930696864.844046
25484.000000	1115.540000	300.000000	937412362.450065	6715497.606019	930696864.844046
25550.000000	1113.520000	300.000000	937412362.450065	6715497.606019	930696864.844046
25614.000000	1111.570000	300.000000	937412362.450065	6715497.606019	930696864.844046
25678.000000	1109.620000	300.000000	937412362.450065	6715497.606019	930696864.844046
25742.000000	1107.690000	300.000000	937412362.450065	6715497.606019	930696864.844046
25806.000000	1105.760000	300.000000	937412362.450065	6715497.606019	930696864.844046
25870.000000	1103.830000	300.000000	937412362.450065	6715497.606019	930696864.844046
25934.000000	1101.920000	300.000000	937412362.450065	6715497.606019	930696864.844046
25998.000000	1100.010000	300.000000	937412362.450065	6715497.606019	930696864.844046
26062.000000	1098.110000	300.000000	937412362.450065	6715497.606019	930696864.844046
26126.000000	1096.210000	300.000000	937412362.450065	6715497.606019	930696864.844046
26190.000000	1094.320000	300.000000	937412362.450065	6715497.606019	930696864.844046
26254.000000	1092.440000	300.000000	937412362.450065	6715497.606019	930696864.844046
26318.000000	1090.570000	300.000000	937412362.450065	6715497.606019	930696864.844046
26382.000000	1088.700000	300.000000	937412362.450065	6715497.606019	930696864.844046
26446.000000	1086.840000	300.000000	937412362.450065	6715497.606019	930696864.844046
26510.000000	1084.980000	300.000000	937412362.450065	6715497.606019	930696864.844046
26574.000000	1083.130000	300.000000	937412362.450065	6715497.606019	930696864.844046
26638.000000	1081.290000	300.000000	937412362.450065	6715497.606019	930696864.844046
26702.000000	1079.460000	300.000000	937412362.450065	6715497.606019	930696864.844046
26766.000000	1077.630000	300.000000	937412362.450065	6715497.606019	930696864.844046
26830.000000	1075.800000	300.000000	937412362.450065	6715497.606019	930696864.844046
26894.000000	1073.990000	300.000000	937412362.450065	6715497.606019	930696864.844046
26958.000000	1072.180000	300.000000	937412362.450065	6715497.606019	930696864.844046
27022.000000	1070.380000	300.000000	937412362.450065	6715497.606019	930696864.844046
27086.000000	1068.580000	300.000000	937412362.450065	6715497.606019	930696864.844046
27150.000000	1066.790000	300.000000	937412362.450065	6715497.606019	930696864.844046
27214.000000	1065.010000	300.000000	937412362.450065	6715497.606019	930696864.844046
27278.000000	1063.230000	300.000000	937412362.450065	6715497.606019	930696864.844046
27342.000000	1061.460000	300.000000	937412362.450065	6715497.606019	930696864.844046
27406.000000	1059.690000	300.000000	937412362.450065	6715497.606019	930696864.844046
27470.000000	1057.930000	300.000000	937412362.450065	6715497.606019	930696864.844046
27534.000000	1056.180000	300.000000	937412362.450065	6715497.606019	930696864.844046
27598.000000	1054.430000	300.000000	937412362.450065	6715497.606019	930696864.844046
27662.000000	1052.690000	300.000000	937412362.450065	6715497.606019	930696864.844046
27726.000000	1050.960000	300.000000	937412362.450065	6715497.606019	930696864.844046
27790.000000	1049.230000	300.000000	937412362.450065	6715497.606019	930696864.844046
27854.000000	1047.510000	300.000000	937412362.450065	6715497.606019	930696864.844046
27918.000000	1045.790000	300.000000	937412362.450065	6715497.606019	930696864.844046
27982.000000	1044.080000	300.000000	937412362.450065	6715497.606019	930696864.844046
28046.000000	1042.380000	300.000000	937412362.450065	6715497.606019	930696864.844046
28110.000000	1040.680000	300.000000	937412362.450065	6715497.606019	930696864.844046
28174.000000	1038.990000	300.000000	937412362.450065	6715497.606019	930696864.844046
28238.000000	1037.300000	300.000000	937412362.450065	6715497.606019	930696864.844046
28302.000000	1035.620000	300.000000	937412362.450065	6715497.606019	930696864.844046
28366.000000	1033.940000	300.000000	937412362.450065	6715497.606019	930696864.844046
28430.000000	1032.270000	300.000000	937412362.450065	6715497.606019	930696864.844046
28494.000000	1030.610000	300.000000	937412362.450065	6715497.606019	930696864.844046
28558.000000	1028.950000	300.000000	937412362.450065	6715497.606019	930696864.844046
28622.000000	1027.300000	300.000000	937412362.450065	6715497.606019	930696864.844046
28686.000000	1025.650000	300.000000	937412362.450065	6715497.606019	930696864.844046
28750.000000	1024.010000	300.000000	937412362.450065	6715497.606019	930696864.844046
28814.000000	1022.370000	300.000000	937412362.450065	6715497.606019	930696864.844046
28878.000000	1020.740000	300.000000	937412362.450065	6715497.606019	930696864.844046
28942.000000	1019.110000	300.000000	937412362.450065	6715497.606019	930696864.844046
29006.000000	1017.500000	300.000000	937412362.450065	6715497.606019	930696864.844046
29070.000000	1015.880000	300.000000	937412362.450065	6715497.606019	930696864.844046
29134.000000	1014.270000	300.000000	937412362.450065	6715497.606019	930696864.844046
29200.000000	1012.620000	300.000000	937412362.450065	6715497.606019	930696864.844046
29264.000000	1011.020000	300.000000	937412362.450065	6715497.606019	930696864.844046
29328.000000	1009.430000	300.000000	937412362.450065	6715497.606019	930696864.844046
29392.000000	1007.840000	300.000000	937412362.450065	6715497.606019	930696864.844046
29456.000000	1006.260000	300.000000	937412362.450065	6715497.606019	930696864.844046
29520.000000	1004.680000	300.000000	937412362.450065	6715497.606019	930696864.844046
29584.000000	1003.110000	300.000000	937412362.450065	6715497.606019	930696864.844046
29648.000000	1001.550000	300.000000	937412362.450065	6715497.606019	930696864.844046
29712.000000	999.986000	300.000000	937412362.450065	6715497.606019	930696864.844046
29776.000000	998.430000	300.000000	937412362.450065	6715497.606019	930696864.844046
29840.000000	996.880000	300.000000	937412362.450065	6715497.606019	930696864.844046
29904.000000	995.335000	300.000000	937412362.450065	6715497.606019	930696864.844046
29968.000000	993.795000	300.000000	937412362.450065	6715497.606019	930696864.844046
30032.000000	992.260000	300.000000	937412362.450065	6715497.606019	930696864.844046
30096.000000	990.729000	300.000000	937412362.450065	6715497.606019	930696864.844046
30160.000000	989.204000	300.000000	937412362.450065	6715497.606019	930696864.844046
30224.000000	987.684000	300.000000	937412362.450065	6715497.606019	930696864.844046
30288.000000	986.169000	300.000000	937412362.450065	6715497.606019	930696864.844046
30352.000000	984.659000	300.000000	937412362.450065	6715497.606019	930696864.844046
30416.000000	983.154000	300.000000	937412362.450065	6715497.606019	930696864.844046
30480.000000	981.654000	300.000000	937412362.450065	6715497.606019	930696864.844046
30544.000000	980.159000	300.000000	937412362.450065	6715497.606019	930696864.844046
30608.000000	978.668000	300.000000	937412362.450065	6715497.606019	930696864.844046
30672.000000	977.183000	300.000000	937412362.450065	6715497.606019	930696864.844046
30736.000000	975.702000	300.000000	937412362.450065	6715497.606019	930696864.844046
30800.000000	974.226000	300.000000	937412362.450065	6715497.606019	930696864.844046
30864.000000	972.755000	300.000000	937412362.450065	6715497.606019	930696864.844046
30928.000000	971.288000	300.000000	937412362.450065	6715497.606019	930696864.844046
30992.000000	969.827000	300.000000	937412362.450065	6715497.606019	930696864.844046
31056.000000	968.370000	300.000000	937412362.450065	6715497.606019	930696864.844046
31120.000000	966.917000	300.000000	937412362.450065	6715497.606019	930696864.844046
31184.000000	965.470000	300.000000	937412362.450065	6715497.606019	930696864.844046
31248.000000	964.027000	300.000000	937412362.450065	6715497.606019	930696864.844046
31312.000000	962.589000	300.000000	937412362.450065	6715497.606019	930696864.844046
31376.000000	961.155000	300.000000	937412362.450065	6715497.606019	930696864.844046
31440.000000	959.726000	300.000000	937412362.450065	6715497.606019	930696864.844046
31504.000000	958.302000	300.000000	937412362.450065	6715497.606019	930696864.844046
31568.000000	956.882000	300.000000	937412362.450065	6715497.606019	930696864.844046
31632.000000	955.466000	300.000000	937412362.450065	6715497.606019	930696864.844046
31696.000000	954.055000	300.000000	937412362.450065	6715497.606019	930696864.844046
31760.000000	952.649000	300.000000	937412362.450065	6715497.606019	930696864.844046
31824.000000	951.247000	300.000000	937412362.450065	6715497.606019	930696864.844046
31888.000000	949.850000	300.000000	937412362.450065	6715497.606019	930696864.844046
31952.000000	948.456000	300.000000	937412362.450065	6715497.606019	930696864.844046
32016.000000	947.068000	300.000000	937412362.450065	6715497.606019	930696864.844046
32080.000000	945.683000	300.000000	937412362.450065	6715497.606019	930696864.844046
32144.000000	944.303000	300.000000	937412362.450065	6715497.606019	930696864.844046
32208.000000	942.928000	300.000000	937412362.450065	6715497.606019	930696864.844046
32272.000000	941.557000	300.000000	937412362.450065	6715497.606019	930696864.844046
32336.000000	940.190000	300.000000	937412362.450065	6715497.606019	930696864.844046
32400.000000	938.827000	300.000000	937412362.450065	6715497.606019	930696864.844046
32464.000000	937.469000	300.000000	937412362.450065	6715497.606019	930696864.844046
32528.000000	936.115000	300.000000	937412362.450065	6715497.606019	930696864.844046
32592.000000	934.765000	300.000000	937412362.450065	6715497.606019	930696864.844046
32656.000000	933.419000	300.000000	937412362.450065	6715497.606019	930696864.844046
32720.000000	932.078000	300.000000	937412362.450065	6715497.606019	930696864.844046
32784.000000	930.740000	300.000000	937412362.450065	6715497.606019	930696864.844046
32850.000000	929.366000	300.000000	937412362.450065	6715497.606019	930696864.844046
32914.000000	928.037000	300.000000	937412362.450065	6715497.606019	930696864.844046
32978.000000	926.712000	300.000000	937412362.450065	6715497.606019	930696864.844046
33042.000000	925.392000	300.000000	937412362.450065	6715497.606019	930696864.844046
33106.000000	924.075000	300.000000	937412362.450065	6715497.606019	930696864.844046
33170.000000	922.763000	300.000000	937412362.450065	6715497.606019	930696864.844046
33234.000000	921.454000	300.000000	937412362.450065	6715497.606019	930696864.844046
33298.000000	920.150000	300.000000	937412362.450065	6715497.606019	930696864.844046
33362.000000	918.850000	300.000000	937412362.450065	6715497.606019	930696864.844046
33426.000000	917.553000	300.000000	937412362.450065	6715497.606019	930696864.844046
33490.000000	916.261000	300.000000	937412362.450065	6715497.606019	930696864.844046
33554.000000	914.973000	300.000000	937412362.450065	6715497.606019	930696864.844046
33618.000000	913.688000	300.000000	937412362.450065	6715497.606019	930696864.844046
33682.000000	912.408000	300.000000	937412362.450065	6715497.606019	930696864.844046
33746.000000	911.131000	300.000000	937412362.450065	6715497.606019	930696864.844046
33810.000000	909.858000	300.000000	937412362.450065	6715497.606019	930696864.844046
33874.000000	908.590000	300.000000	937412362.450065	6715497.606019	930696864.844046
33938.000000	907.325000	300.000000	937412362.450065	6715497.606019	930696864.844046
34002.000000	906.064000	300.000000	937412362.450065	6715497.606019	930696864.844046
34066.000000	904.806000	300.000000	937412362.450065	6715497.606019	930696864.844046
34130.000000	903.553000	300.000000	937412362.450065	6715497.606019	930696864.844046
34194.000000	902.303000	300.000000	937412362.450065	6715497.606019	930696864.844046
34258.000000	901.057000	300.000000	937412362.450065	6715497.606019	930696864.844046
34322.000000	899.815000	300.000000	937412362.450065	6715497.606019	930696864.844046
34386.000000	898.577000	300.000000	937412362.450065	6715497.606019	930696864.844046
34450.000000	897.342000	300.000000	937412362.450065	6715497.606019	930696864.844046
34514.000000	896.111000	300.000000	937412362.450065	6715497.606019	930696864.844046
34578.000000	894.884000	300.000000	937412362.450065	6715497.606019	930696864.844046
34642.000000	893.661000	300.000000	937412362.450065	6715497.606019	930696864.844046
34706.000000	892.441000	300.000000	937412362.450065	6715497.606019	930696864.844046
34770.000000	891.225000	300.000000	937412362.450065	6715497.606019	930696864.844046
34834.000000	890.012000	300.000000	937412362.450065	6715497.606019	930696864.844046
34898.000000	888.803000	300.000000	937412362.450065	6715497.606019	930696864.844046
34962.000000	887.598000	300.000000	937412362.450065	6715497.606019	930696864.844046
35026.000000	886.396000	300.000000	937412362.450065	6715497.606019	930696864.844046
35090.000000	885.198000	300.000000	937412362.450065	6715497.606019	930696864.844046
35154.000000	884.004000	300.000000	937412362.450065	6715497.606019	930696864.844046
35218.000000	882.813000	300.000000	937412362.450065	6715497.606019	930696864.844046
35282.000000	881.625000	300.000000	937412362.450065	6715497.606019	930696864.844046
35346.000000	880.441000	300.000000	937412362.450065	6715497.606019	930696864.844046
35410.000000	879.261000	300.000000	937412362.450065	6715497.606019	930696864.844046
35474.000000	878.084000	300.000000	937412362.450065	6715497.606019	930696864.844046
35538.000000	876.911000	300.000000	937412362.450065	6715497.606019	930696864.844046
35602.000000	875.741000	300.000000	937412362.450065	6715497.606019	930696864.844046
35666.000000	874.574000	300.000000	937412362.450065	6715497.606019	930696864.844046
35730.000000	873.411000	300.000000	937412362.450065	6715497.606019	930696864.844046
35794.000000	872.251000	300.000000	937412362.450065	6715497.606019	930696864.844046
35858.000000	871.095000	300.000000	937412362.450065	6715497.606019	930696864.844046
35922.000000	869.942000	300.000000	937412362.450065	6715497.606019	930696864.844046
35986.000000	868.793000	300.000000	937412362.450065	6715497.606019	930696864.844046
36050.000000	867.647000	300.000000	937412362.450065	6715497.606019	930696864.844046
36114.000000	866.504000	300.000000	937412362.450065	6715497.606019	930696864.844046
36178.000000	865.364000	300.000000	937412362.450065	6715497.606019	930696864.844046
36242.000000	864.228000	300.000000	937412362.450065	6715497.606019	930696864.844046
36306.000000	863.095000	300.000000	937412362.450065	6715497.606019	930696864.844046
36370.000000	861.966000	300.000000	937412362.450065	6715497.606019	930696864.844046
36434.000000	860.840000	300.000000	937412362.450065	6715497.606019	930696864.844046
36500.000000	859.682000	300.000000	937412362.450065	6715497.606019	930696864.844046
36564.000000	858.562000	300.000000	937412362.450065	6715497.606019	930696864.844046
36628.000000	857.446000	300.000000	937412362.450065	6715497.606019	930696864.844046
36692.000000	856.333000	300.000000	937412362.450065	6715497.606019	930696864.844046
36756.000000	855.223000	300.000000	937412362.450065	6715497.606019	930696864.844046
36820.000000	854.116000	300.000000	937412362.450065	6715497.606019	930696864.844046
36884.000000	853.013000	300.000000	937412362.450065	6715497.606019	930696864.844046
36948.000000	851.913000	300.000000	937412362.450065	6715497.606019	930696864.844046
37012.000000	850.815000	300.000000	937412362.450065	6715497.606019	930696864.844046
37076.000000	849.721000	300.000000	937412362.450065	6715497.606019	930696864.844046
37140.000000	848.630000	300.000000	937412362.450065	6715497.606019	930696864.844046
37204.000000	847.543000	300.000000	937412362.450065	6715497.606019	930696864.844046
37268.000000	846.458000	300.000000	937412362.450065	6715497.606019	930696864.844046
37332.000000	845.376000	300.000000	937412362.450065	6715497.606019	930696864.844046
37396.000000	844.298000	300.000000	937412362.450065	6715497.606019	930696864.844046
37460.000000	843.223000	300.000000	937412362.450065	6715497.606019	930696864.844046
37524.000000	842.150000	300.000000	937412362.450065	6715497.606019	930696864.844046
37588.000000	841.081000	300.000000	937412362.450065	6715497.606019	930696864.844046
37652.000000	840.015000	300.000000	937412362.450065	6715497.606019	930696864.844046
37716.000000	838.952000	300.000000	937412362.450065	6715497.606019	930696864.844046
37780.000000	837.892000	300.000000	937412362.450065	6715497.606019	930696864.844046
37844.000000	836.835000	300.000000	937412362.450065	6715497.606019	930696864.844046
37908.000000	835.780000	300.000000	937412362.450065	6715497.606019	930696864.844046
37972.000000	834.729000	300.000000	937412362.450065	6715497.606019	930696864.844046
38036.000000	833.681000	300.000000	937412362.450065	6715497.606019	930696864.844046
38100.000000	832.636000	300.000000	937412362.450065	6715497.606019	930696864.844046
38164.000000	831.594000	300.000000	937412362.450065	6715497.606019	930696864.844046
38228.000000	830.554000	300.000000	937412362.450065	6715497.606019	930696864.844046
38292.000000	829.518000	300.000000	937412362.450065	6715497.606019	930696864.844046
38356.000000	828.484000	300.000000	937412362.450065	6715497.606019	930696864.844046
38420.000000	827.454000	300.000000	937412362.450065	6715497.606019	930696864.844046
38484.000000	826.426000	300.000000	937412362.450065	6715497.606019	930696864.844046
38548.000000	825.401000	300.000000	937412362.450065	6715497.606019	930696864.844046
38612.000000	824.379000	300.000000	937412362.450065	6715497.606019	930696864.844046
38676.000000	823.360000	300.000000	937412362.450065	6715497.606019	930696864.844046
38740.000000	822.344000	300.000000	937412362.450065	6715497.606019	930696864.844046
38804.000000	821.330000	300.000000	937412362.450065	6715497.606019	930696864.844046
38868.000000	820.320000	300.000000	937412362.450065	6715497.606019	930696864.844046
38932.000000	819.312000	300.000000	937412362.450065	6715497.606019	930696864.844046
38996.000000	818.307000	300.000000	937412362.450065	6715497.606019	930696864.844046
39060.000000	817.305000	300.000000	937412362.450065	6715497.606019	930696864.844046
39124.000000	816.305000	300.000000	937412362.450065	6715497.606019	930696864.844046
39188.000000	815.309000	300.000000	937412362.450065	6715497.606019	930696864.844046
39252.000000	814.315000	300.000000	937412362.450065	6715497.606019	930696864.844046
39316.000000	813.324000	300.000000	937412362.450065	6715497.606019	930696864.844046
39380.000000	812.335000	300.000000	937412362.450065	6715497.606019	930696864.844046
39444.000000	811.350000	300.000000	937412362.450065	6715497.606019	930696864.844046
39508.000000	810.366000	300.000000	937412362.450065	6715497.606019	930696864.844046
39572.000000	809.386000	300.000000	937412362.450065	6715497.606019	930696864.844046
39636.000000	808.409000	300.000000	937412362.450065	6715497.606019	930696864.844046
39700.000000	807.434000	300.000000	937412362.450065	6715497.606019	930696864.844046
39764.000000	806.462000	300.000000	937412362.450065	6715497.606019	930696864.844046
39828.000000	805.492000	300.000000	937412362.450065	6715497.606019	930696864.844046
39892.000000	804.525000	300.000000	937412362.450065	6715497.606019	930696864.844046
39956.000000	803.561000	300.000000	937412362.450065	6715497.606019	930696864.844046
40020.000000	802.599000	300.000000	937412362.450065	6715497.606019	930696864.844046
40084.000000	801.640000	300.000000	937412362.450065	6715497.606019	930696864.844046
40150.000000	800.654000	300.000000	937412362.450065	6715497.606019	930696864.844046
40214.000000	799.701000	300.000000	937412362.450065	6715497.606019	930696864.844046
40278.000000	798.750000	300.000000	937412362.450065	6715497.606019	930696864.844046
40342.000000	797.801000	300.000000	937412362.450065	6715497.606019	930696864.844046
40406.000000	796.855000	300.000000	937412362.450065	6715497.606019	930696864.844046
40470.000000	795.912000	300.000000	937412362.450065	6715497.606019	930696864.844046
40534.000000	794.971000	300.000000	937412362.450065	6715497.606019	930696864.844046
40598.000000	794.033000	300.000000	937412362.450065	6715497.606019	930696864.844046
40662.000000	793.097000	300.000000	937412362.450065	6715497.606019	930696864.844046
40726.000000	792.164000	300.000000	937412362.450065	6715497.606019	930696864.844046
40790.000000	791.233000	300.000000	937412362.450065	6715497.606019	930696864.844046
40854.000000	790.305000	300.000000	937412362.450065	6715497.606019	930696864.844046
40918.000000	789.379000	300.000000	937412362.450065	6715497.606019	930696864.844046
40982.000000	788.456000	300.000000	937412362.450065	6715497.606019	930696864.844046
41046.000000	787.535000	300.000000	937412362.450065	6715497.606019	930696864.844046
41110.000000	786.617000	300.000000	937412362.450065	6715497.606019	930696864.844046
41174.000000	785.701000	300.000000	937412362.450065	6715497.606019	930696864.844046
41238.000000	784.788000	300.000000	937412362.450065	6715497.606019	930696864.844046
41302.000000	783.877000	300.000000	937412362.450065	6715497.606019	930696864.844046
41366.000000	782.969000	300.000000	937412362.450065	6715497.606019	930696864.844046
41430.000000	782.063000	300.000000	937412362.450065	6715497.606019	930696864.844046
41494.000000	781.159000	300.000000	937412362.450065	6715497.606019	930696864.844046
41558.000000	780.258000	300.000000	937412362.450065	6715497.606019	930696864.844046
41622.000000	779.359000	300.000000	937412362.450065	6715497.606019	930696864.844046
41685.833333	778.463000	300.000000	937412362.450065	6715497.606019	930696864.844046
41750.000000	777.569000	300.000000	937412362.450065	6715497.606019	930696864.844046
41814.166667	776.677000	300.000000	937412362.450065	6715497.606019	930696864.844046
41877.916667	775.788000	300.000000	937412362.450065	6715497.606019	930696864.844046
41942.083333	774.901000	300.000000	937412362.450065	6715497.606019	930696864.844046
42005.833333	774.016000	300.000000	937412362.450065	6715497.606019	930696864.844046
42070.000000	773.134000	300.000000	937412362.450065	6715497.606019	930696864.844046
42134.166667	772.254000	300.000000	937412362.450065	6715497.606019	930696864.844046
42197.916667	771.377000	300.000000	937412362.450065	6715497.606019	930696864.844046
42262.083333	770.501000	300.000000	937412362.450065	6715497.606019	930696864.844046
42325.833333	769.628000	300.000000	937412362.450065	6715497.606019	930696864.844046
42390.000000	768.758000	300.000000	937412362.450065	6715497.606019	930696864.844046
42454.166667	767.889000	300.000000	937412362.450065	6715497.606019	930696864.844046
42517.916667	767.023000	300.000000	937412362.450065	6715497.606019	930696864.844046
42582.083333	766.159000	300.000000	937412362.450065	6715497.606019	930696864.844046
42645.833333	765.298000	300.000000	937412362.450065	6715497.606019	930696864.844046
42710.000000	764.438000	300.000000	937412362.450065	6715497.606019	930696864.844046
42774.166667	763.581000	300.000000	937412362.450065	6715497.606019	930696864.844046
42837.916667	762.727000	300.000000	937412362.450065	6715497.606019	930696864.844046
42902.083333	761.874000	300.000000	937412362.450065	6715497.606019	930696864.844046
42965.833333	761.024000	300.000000	937412362.450065	6715497.606019	930696864.844046
43030.000000	760.175000	300.000000	937412362.450065	6715497.606019	930696864.844046
43094.166667	759.329000	300.000000	937412362.450065	6715497.606019	930696864.844046
43157.916667	758.486000	300.000000	937412362.450065	6715497.606019	930696864.844046
43222.083333	757.644000	300.000000	937412362.450065	6715497.606019	930696864.844046
43285.833333	756.805000	300.000000	937412362.450065	6715497.606019	930696864.844046
43350.000000	755.967000	300.000000	937412362.450065	6715497.606019	930696864.844046
43414.166667	755.132000	300.000000	937412362.450065	6715497.606019	930696864.844046
43477.916667	754.299000	300.000000	937412362.450065	6715497.606019	930696864.844046
43542.083333	753.469000	300.000000	937412362.450065	6715497.606019	930696864.844046
43605.833333	752.640000	300.000000	937412362.450065	6715497.606019	930696864.844046
43670.000000	751.814000	300.000000	937412362.450065	6715497.606019	930696864.844046
43734.166667	750.989000	300.000000	937412362.450065	6715497.606019	930696864.844046
43800.000000	750.141000	300.000000	937412362.450065	6715497.606019	930696864.844046
43864.166667	749.321000	300.000000	937412362.450065	6715497.606019	930696864.844046
43927.916667	748.503000	300.000000	937412362.450065	6715497.606019	930696864.844046
43992.083333	747.688000	300.000000	937412362.450065	6715497.606019	930696864.844046
44055.833333	746.874000	300.000000	937412362.450065	6715497.606019	930696864.844046
44120.000000	746.062000	300.000000	937412362.450065	6715497.606019	930696864.844046
44184.166667	745.253000	300.000000	937412362.450065	6715497.606019	930696864.844046
44247.916667	744.445000	300.000000	937412362.450065	6715497.606019	930696864.844046
44312.083333	743.640000	300.000000	937412362.450065	6715497.606019	930696864.844046
44375.833333	742.837000	300.000000	937412362.450065	6715497.606019	930696864.844046
44440.000000	742.035000	300.000000	937412362.450065	6715497.606019	930696864.844046
44504.166667	741.236000	300.000000	937412362.450065	6715497.606019	930696864.844046
44567.916667	740.439000	300.000000	937412362.450065	6715497.606019	930696864.844046
44632.083333	739.643000	300.000000	937412362.450065	6715497.606019	930696864.844046
44695.833333	738.850000	300.000000	937412362.450065	6715497.606019	930696864.844046
44760.000000	738.059000	300.000000	937412362.450065	6715497.606019	930696864.844046
44824.166667	737.269000	300.000000	937412362.450065	6715497.606019	930696864.844046
44887.916667	736.482000	300.000000	937412362.450065	6715497.606019	930696864.844046
44952.083333	735.697000	300.000000	937412362.450065	6715497.606019	930696864.844046
45015.833333	734.914000	300.000000	937412362.450065	6715497.606019	930696864.844046
45080.000000	734.132000	300.000000	937412362.450065	6715497.606019	930696864.844046
45144.166667	733.353000	300.000000	937412362.450065	6715497.606019	930696864.844046
45207.916667	732.576000	300.000000	937412362.450065	6715497.606019	930696864.844046
45272.083333	731.800000	300.000000	937412362.450065	6715497.606019	930696864.844046
45335.833333	731.027000	300.000000	937412362.450065	6715497.606019	930696864.844046
45400.000000	730.255000	300.000000	937412362.450065	6715497.606019	930696864.844046
45464.166667	729.486000	300.000000	937412362.450065	6715497.606019	930696864.844046
45527.916667	728.718000	300.000000	937412362.450065	6715497.606019	930696864.844046
45592.083333	727.953000	300.000000	937412362.450065	6715497.606019	930696864.844046
45655.833333	727.189000	300.000000	937412362.450065	6715497.606019	930696864.844046
45720.000000	726.427000	300.000000	937412362.450065	6715497.606019	930696864.844046
45784.166667	725.667000	300.000000	937412362.450065	6715497.606019	930696864.844046
45847.916667	724.909000	300.000000	937412362.450065	6715497.606019	930696864.844046
45912.083333	724.153000	300.000000	937412362.450065	6715497.606019	930696864.844046
45975.833333	723.398000	300.000000	937412362.450065	6715497.606019	930696864.844046
46040.000000	722.646000	300.000000	937412362.450065	6715497.606019	930696864.844046
46104.166667	721.895000	300.000000	937412362.450065	6715497.606019	930696864.844046
46167.916667	721.147000	300.000000	937412362.450065	6715497.606019	930696864.844046
46232.083333	720.400000	300.000000	937412362.450065	6715497.606019	930696864.844046
46295.833333	719.655000	300.000000	937412362.450065	6715497.606019	930696864.844046
46360.000000	718.912000	300.000000	937412362.450065	6715497.606019	930696864.844046
46424.166667	718.171000	300.000000	937412362.450065	6715497.606019	930696864.844046
46487.916667	717.431000	300.000000	937412362.450065	6715497.606019	930696864.844046
46552.083333	716.694000	300.000000	937412362.450065	6715497.606019	930696864.844046
46615.833333	715.958000	300.000000	937412362.450065	6715497.606019	930696864.844046
46680.000000	715.224000	300.000000	937412362.450065	6715497.606019	930696864.844046
46744.166667	714.491000	300.000000	937412362.450065	6715497.606019	930696864.844046
46807.916667	713.761000	300.000000	937412362.450065	6715497.606019	930696864.844046
46872.083333	713.032000	300.000000	937412362.450065	6715497.606019	930696864.844046
46935.833333	712.305000	300.000000	937412362.450065	6715497.606019	930696864.844046
47000.000000	711.580000	300.000000	937412362.450065	6715497.606019	930696864.844046
47064.166667	710.857000	300.000000	937412362.450065	6715497.606019	930696864.844046
47127.916667	710.136000	300.000000	937412362.450065	6715497.606019	930696864.844046
47192.083333	709.416000	300.000000	937412362.450065	6715497.606019	930696864.844046
47255.833333	708.698000	300.000000	937412362.450065	6715497.606019	930696864.844046
47320.000000	707.982000	300.000000	937412362.450065	6715497.606019	930696864.844046
47384.166667	707.267000	300.000000	937412362.450065	6715497.606019	930696864.844046
47450.000000	706.532000	300.000000	937412362.450065	6715497.606019	930696864.844046
47514.166667	705.822000	300.000000	937412362.450065	6715497.606019	930696864.844046
47577.916667	705.112000	300.000000	937412362.450065	6715497.606019	930696864.844046
47642.083333	704.405000	300.000000	937412362.450065	6715497.606019	930696864.844046
47705.833333	703.699000	300.000000	937412362.450065	6715497.606019	930696864.844046
47770.000000	702.995000	300.000000	937412362.450065	6715497.606019	930696864.844046
47834.166667	702.293000	300.000000	937412362.450065	6715497.606019	930696864.844046
47897.916667	701.592000	300.000000	937412362.450065	6715497.606019	930696864.844046
47962.083333	700.893000	300.000000	937412362.450065	6715497.606019	930696864.844046
48025.833333	700.196000	300.000000	937412362.450065	6715497.606019	930696864.844046
48090.000000	699.500000	300.000000	937412362.450065	6715497.606019	930696864.844046
48154.166667	698.806000	300.000000	937412362.450065	6715497.606019	930696864.844046
48217.916667	698.114000	300.000000	937412362.450065	6715497.606019	930696864.844046
48282.083333	697.424000	300.000000	937412362.450065	6715497.606019	930696864.844046
48345.833333	696.735000	300.000000	937412362.450065	6715497.606019	930696864.844046
48410.000000	696.048000	300.000000	937412362.450065	6715497.606019	930696864.844046
48474.166667	695.362000	300.000000	937412362.450065	6715497.606019	930696864.844046
48537.916667	694.678000	300.000000	937412362.450065	6715497.606019	930696864.844046
48602.083333	693.996000	300.000000	937412362.450065	6715497.606019	930696864.844046
48665.833333	693.315000	300.000000	937412362.450065	6715497.606019	930696864.844046
48730.000000	692.636000	300.000000	937412362.450065	6715497.606019	930696864.844046
48794.166667	691.959000	300.000000	937412362.450065	6715497.606019	930696864.844046
48857.916667	691.283000	300.000000	937412362.450065	6715497.606019	930696864.844046
48922.083333	690.609000	300.000000	937412362.450065	6715497.606019	930696864.844046
48985.833333	689.936000	300.000000	937412362.450065	6715497.606019	930696864.844046
49050.000000	689.265000	300.000000	937412362.450065	6715497.606019	930696864.844046
49114.166667	688.596000	300.000000	937412362.450065	6715497.606019	930696864.844046
49177.916667	687.928000	300.000000	937412362.450065	6715497.606019	930696864.844046
49242.083333	687.262000	300.000000	937412362.450065	6715497.606019	930696864.844046
49305.833333	686.598000	300.000000	937412362.450065	6715497.606019	930696864.844046
49370.000000	685.935000	300.000000	937412362.450065	6715497.606019	930696864.844046
49434.166667	685.273000	300.000000	937412362.450065	6715497.606019	930696864.844046
49497.916667	684.613000	300.000000	937412362.450065	6715497.606019	930696864.844046
49562.083333	683.955000	300.000000	937412362.450065	6715497.606019	930696864.844046
49625.833333	683.298000	300.000000	937412362.450065	6715497.606019	930696864.844046
49690.000000	682.643000	300.000000	937412362.450065	6715497.606019	930696864.844046
49754.166667	681.989000	300.000000	937412362.450065	6715497.606019	930696864.844046
49817.916667	681.337000	300.000000	937412362.450065	6715497.606019	930696864.844046
49882.083333	680.687000	300.000000	937412362.450065	6715497.606019	930696864.844046
49945.833333	680.038000	300.000000	937412362.450065	6715497.606019	930696864.844046
50010.000000	679.390000	300.000000	937412362.450065	6715497.606019	930696864.844046
50074.166667	678.744000	300.000000	937412362.450065	6715497.606019	930696864.844046
50137.916667	678.100000	300.000000	937412362.450065	6715497.606019	930696864.844046
50202.083333	677.457000	300.000000	937412362.450065	6715497.606019	930696864.844046
50265.833333	676.815000	300.000000	937412362.450065	6715497.606019	930696864.844046
50330.000000	676.175000	300.000000	937412362.450065	6715497.606019	930696864.844046
50394.166667	675.537000	300.000000	937412362.450065	6715497.606019	930696864.844046
50457.916667	674.900000	300.000000	937412362.450065	6715497.606019	930696864.844046
50522.083333	674.264000	300.000000	937412362.450065	6715497.606019	930696864.844046
50585.833333	673.630000	300.000000	937412362.450065	6715497.606019	930696864.844046
50650.000000	672.998000	300.000000	937412362.450065	6715497.606019	930696864.844046
50714.166667	672.367000	300.000000	937412362.450065	6715497.606019	930696864.844046
50777.916667	671.737000	300.000000	937412362.450065	6715497.606019	930696864.844046
50842.083333	671.109000	300.000000	937412362.450065	6715497.606019	930696864.844046
50905.833333	670.483000	300.000000	937412362.450065	6715497.606019	930696864.844046
50970.000000	669.857000	300.000000	937412362.450065	6715497.606019	930696864.844046
51034.166667	669.234000	300.000000	937412362.450065	6715497.606019	930696864.844046
51100.000000	668.592000	300.000000	937412362.450065	6715497.606019	930696864.844046
51164.166667	667.971000	300.000000	937412362.450065	6715497.606019	930696864.844046
51227.916667	667.352000	300.000000	937412362.450065	6715497.606019	930696864.844046
51292.083333	666.734000	300.000000	937412362.450065	6715497.606019	930696864.844046
51355.833333	666.117000	300.000000	937412362.450065	6715497.606019	930696864.844046
51420.000000	665.502000	300.000000	937412362.450065	6715497.606019	930696864.844046
51484.166667	664.888000	300.000000	937412362.450065	6715497.606019	930696864.844046
51547.916667	664.276000	300.000000	937412362.450065	6715497.606019	930696864.844046
51612.083333	663.665000	300.000000	937412362.450065	6715497.606019	930696864.844046
51675.833333	663.056000	300.000000	937412362.450065	6715497.606019	930696864.844046
51740.000000	662.448000	300.000000	937412362.450065	6715497.606019	930696864.844046
51804.166667	661.841000	300.000000	937412362.450065	6715497.606019	930696864.844046
51867.916667	661.236000	300.000000	937412362.450065	6715497.606019	930696864.844046
51932.083333	660.632000	300.000000	937412362.450065	6715497.606019	930696864.844046
51995.833333	660.030000	300.000000	937412362.450065	6715497.606019	930696864.844046
52060.000000	659.429000	300.000000	937412362.450065	6715497.606019	930696864.844046
52124.166667	658.829000	300.000000	937412362.450065	6715497.606019	930696864.844046
52187.916667	658.231000	300.000000	937412362.450065	6715497.606019	930696864.844046
52252.083333	657.634000	300.000000	937412362.450065	6715497.606019	930696864.844046
52315.833333	657.038000	300.000000	937412362.450065	6715497.606019	930696864.844046
52380.000000	656.444000	300.000000	937412362.450065	6715497.606019	930696864.844046
52444.166667	655.851000	300.000000	937412362.450065	6715497.606019	930696864.844046
52507.916667	655.259000	300.000000	937412362.450065	6715497.606019	930696864.844046
52572.083333	654.669000	300.000000	937412362.450065	6715497.606019	930696864.844046
52635.833333	654.080000	300.000000	937412362.450065	6715497.606019	930696864.844046
52700.000000	653.493000	300.000000	937412362.450065	6715497.606019	930696864.844046
52764.166667	652.907000	300.000000	937412362.450065	6715497.606019	930696864.844046
52827.916667	652.322000	300.000000	937412362.450065	6715497.606019	930696864.844046
52892.083333	651.738000	300.000000	937412362.450065	6715497.606019	930696864.844046
52955.833333	651.156000	300.000000	937412362.450065	6715497.606019	930696864.844046
53020.000000	650.575000	300.000000	937412362.450065	6715497.606019	930696864.844046
53084.166667	649.996000	300.000000	937412362.450065	6715497.606019	930696864.844046
53147.916667	649.417000	300.000000	937412362.450065	6715497.606019	930696864.844046
53212.083333	648.840000	300.000000	937412362.450065	6715497.606019	930696864.844046
53275.833333	648.265000	300.000000	937412362.450065	6715497.606019	930696864.844046
53340.000000	647.690000	300.000000	937412362.450065	6715497.606019	930696864.844046
53404.166667	647.117000	300.000000	937412362.450065	6715497.606019	930696864.844046
53467.916667	646.545000	300.000000	937412362.450065	6715497.606019	930696864.844046
53532.083333	645.975000	300.000000	937412362.450065	6715497.606019	930696864.844046
53595.833333	645.406000	300.000000	937412362.450065	6715497.606019	930696864.844046
53660.000000	644.838000	300.000000	937412362.450065	6715497.606019	930696864.844046
53724.166667	644.271000	300.000000	937412362.450065	6715497.606019	930696864.844046
53787.916667	643.706000	300.000000	937412362.450065	6715497.606019	930696864.844046
53852.083333	643.142000	300.000000	937412362.450065	6715497.606019	930696864.844046
53915.833333	642.579000	300.000000	937412362.450065	6715497.606019	930696864.844046
53980.000000	642.017000	300.000000	937412362.450065	6715497.606019	930696864.844046
54044.166667	641.457000	300.000000	937412362.450065	6715497.606019	930696864.844046
54107.916667	640.897000	300.000000	937412362.450065	6715497.606019	930696864.844046
54172.083333	640.340000	300.000000	937412362.450065	6715497.606019	930696864.844046
54235.833333	639.783000	300.000000	937412362.450065	6715497.606019	930696864.844046
54300.000000	639.228000	300.000000	937412362.450065	6715497.606019	930696864.844046
54364.166667	638.673000	300.000000	937412362.450065	6715497.606019	930696864.844046
54427.916667	638.120000	300.000000	937412362.450065	6715497.606019	930696864.844046
54492.083333	637.569000	300.000000	937412362.450065	6715497.606019	930696864.844046
54555.833333	637.018000	300.000000	937412362.450065	6715497.606019	930696864.844046
54620.000000	636.469000	300.000000	937412362.450065	6715497.606019	930696864.844046
54684.166667	635.921000	300.000000	937412362.450065	6715497.606019	930696864.844046
54750.000000	635.357000	300.000000	937412362.450065	6715497.606019	930696864.844046
54814.166667	634.812000	300.000000	937412362.450065	6715497.606019	930696864.844046
54877.916667	634.267000	300.000000	937412362.450065	6715497.606019	930696864.844046
54942.083333	633.724000	300.000000	937412362.450065	6715497.606019	930696864.844046
55005.833333	633.182000	300.000000	937412362.450065	6715497.606019	930696864.844046
55070.000000	632.641000	300.000000	937412362.450065	6715497.606019	930696864.844046
55134.166667	632.102000	300.000000	937412362.450065	6715497.606019	930696864.844046
55197.916667	631.563000	300.000000	937412362.450065	6715497.606019	930696864.844046
55262.083333	631.026000	300.000000	937412362.450065	6715497.606019	930696864.844046
55325.833333	630.490000	300.000000	937412362.450065	6715497.606019	930696864.844046
55390.000000	629.955000	300.000000	937412362.450065	6715497.606019	930696864.844046
55454.166667	629.422000	300.000000	937412362.450065	6715497.606019	930696864.844046
55517.916667	628.889000	300.000000	937412362.450065	6715497.606019	930696864.844046
55582.083333	628.358000	300.000000	937412362.450065	6715497.606019	930696864.844046
55645.833333	627.828000	300.000000	937412362.450065	6715497.606019	930696864.844046
55710.000000	627.299000	300.000000	937412362.450065	6715497.606019	930696864.844046
55774.166667	626.771000	300.000000	937412362.450065	6715497.606019	930696864.844046
55837.916667	626.244000	300.000000	937412362.450065	6715497.606019	930696864.844046
55902.083333	625.718000	300.000000	937412362.450065	6715497.606019	930696864.844046
55965.833333	625.194000	300.000000	937412362.450065	6715497.606019	930696864.844046
56030.000000	624.671000	300.000000	937412362.450065	6715497.606019	930696864.844046
56094.166667	624.148000	300.000000	937412362.450065	6715497.606019	930696864.844046
56157.916667	623.627000	300.000000	937412362.450065	6715497.606019	930696864.844046
56222.083333	623.107000	300.000000	937412362.450065	6715497.606019	930696864.844046
56285.833333	622.589000	300.000000	937412362.450065	6715497.606019	930696864.844046
56350.000000	622.071000	300.000000	937412362.450065	6715497.606019	930696864.844046
56414.166667	621.555000	300.000000	937412362.450065	6715497.606019	930696864.844046
56477.916667	621.039000	300.000000	937412362.450065	6715497.606019	930696864.844046
56542.083333	620.525000	300.000000	937412362.450065	6715497.606019	930696864.844046
56605.833333	620.012000	300.000000	937412362.450065	6715497.606019	930696864.844046
56670.000000	619.500000	300.000000	937412362.450065	6715497.606019	930696864.844046
56734.166667	618.989000	300.000000	937412362.450065	6715497.606019	930696864.844046
56797.916667	618.479000	300.000000	937412362.450065	6715497.606019	930696864.844046
56862.083333	617.971000	300.000000	937412362.450065	6715497.606019	930696864.844046
56925.833333	617.463000	300.000000	937412362.450065	6715497.606019	930696864.844046
56990.000000	616.956000	300.000000	937412362.450065	6715497.606019	930696864.844046
57054.166667	616.451000	300.000000	937412362.450065	6715497.606019	930696864.844046
57117.916667	615.946000	300.000000	937412362.450065	6715497.606019	930696864.844046
57182.083333	615.443000	300.000000	937412362.450065	6715497.606019	930696864.844046
57245.833333	614.941000	300.000000	937412362.450065	6715497.606019	930696864.844046
57310.000000	614.440000	300.000000	937412362.450065	6715497.606019	930696864.844046
57374.166667	613.940000	300.000000	937412362.450065	6715497.606019	930696864.844046
57437.916667	613.441000	300.000000	937412362.450065	6715497.606019	930696864.844046
57502.083333	612.943000	300.000000	937412362.450065	6715497.606019	930696864.844046
57565.833333	612.446000	300.000000	937412362.450065	6715497.606019	930696864.844046
57630.000000	611.950000	300.000000	937412362.450065	6715497.606019	930696864.844046
57694.166667	611.456000	300.000000	937412362.450065	6715497.606019	930696864.844046
57757.916667	610.962000	300.000000	937412362.450065	6715497.606019	930696864.844046
57822.083333	610.469000	300.000000	937412362.450065	6715497.606019	930696864.844046
57885.833333	609.978000	300.000000	937412362.450065	6715497.606019	930696864.844046
57950.000000	609.487000	300.000000	937412362.450065	6715497.606019	930696864.844046
58014.166667	608.998000	300.000000	937412362.450065	6715497.606019	930696864.844046
58077.916667	608.509000	300.000000	937412362.450065	6715497.606019	930696864.844046
58142.083333	608.022000	300.000000	937412362.450065	6715497.606019	930696864.844046
58205.833333	607.535000	300.000000	937412362.450065	6715497.606019	930696864.844046
58270.000000	607.050000	300.000000	937412362.450065	6715497.606019	930696864.844046
58334.166667	606.566000	300.000000	937412362.450065	6715497.606019	930696864.844046
58400.000000	606.067000	300.000000	937412362.450065	6715497.606019	930696864.844046
58464.166667	605.585000	300.000000	937412362.450065	6715497.606019	930696864.844046
58527.916667	605.104000	300.000000	937412362.450065	6715497.606019	930696864.844046
58592.083333	604.624000	300.000000	937412362.450065	6715497.606019	930696864.844046
58655.833333	604.145000	300.000000	937412362.450065	6715497.606019	930696864.844046
58720.000000	603.667000	300.000000	937412362.450065	6715497.606019	930696864.844046
58784.166667	603.189000	300.000000	937412362.450065	6715497.606019	930696864.844046
58847.916667	602.713000	300.000000	937412362.450065	6715497.606019	930696864.844046
58912.083333	602.238000	300.000000	937412362.450065	6715497.606019	930696864.844046
58975.833333	601.764000	300.000000	937412362.450065	6715497.606019	930696864.844046
59040.000000	601.291000	300.000000	937412362.450065	6715497.606019	930696864.844046
59104.166667	600.819000	300.000000	937412362.450065	6715497.606019	930696864.844046
59167.916667	600.347000	300.000000	937412362.450065	6715497.606019	930696864.844046
59232.083333	599.877000	300.000000	937412362.450065	6715497.606019	930696864.844046
59295.833333	599.408000	300.000000	937412362.450065	6715497.606019	930696864.844046
59360.000000	598.940000	300.000000	937412362.450065	6715497.606019	930696864.844046
59424.166667	598.473000	300.000000	937412362.450065	6715497.606019	930696864.844046
59487.916667	598.006000	300.000000	937412362.450065	6715497.606019	930696864.844046
59552.083333	597.541000	300.000000	937412362.450065	6715497.606019	930696864.844046
59615.833333	597.077000	300.000000	937412362.450065	6715497.606019	930696864.844046
59680.000000	596.614000	300.000000	937412362.450065	6715497.606019	930696864.844046
59744.166667	596.151000	300.000000	937412362.450065	6715497.606019	930696864.844046
59807.916667	595.690000	300.000000	937412362.450065	6715497.606019	930696864.844046
59872.083333	595.229000	300.000000	937412362.450065	6715497.606019	930696864.844046
59935.833333	594.770000	300.000000	937412362.450065	6715497.606019	930696864.844046
60000.000000	594.311000	300.000000	937412362.450065	6715497.606019	930696864.844046
60064.166667	593.854000	300.000000	937412362.450065	6715497.606019	930696864.844046
60127.916667	593.397000	300.000000	937412362.450065	6715497.606019	930696864.844046
60192.083333	592.941000	300.000000	937412362.450065	6715497.606019	930696864.844046
60255.833333	592.487000	300.000000	937412362.450065	6715497.606019	930696864.844046
60320.000000	592.033000	300.000000	937412362.450065	6715497.606019	930696864.844046
60384.166667	591.580000	300.000000	937412362.450065	6715497.606019	930696864.844046
60447.916667	591.128000	300.000000	937412362.450065	6715497.606019	930696864.844046
60512.083333	590.677000	300.000000	937412362.450065	6715497.606019	930696864.844046
60575.833333	590.227000	300.000000	937412362.450065	6715497.606019	930696864.844046
60640.000000	589.778000	300.000000	937412362.450065	6715497.606019	930696864.844046
60704.166667	589.330000	300.000000	937412362.450065	6715497.606019	930696864.844046
60767.916667	588.883000	300.000000	937412362.450065	6715497.606019	930696864.844046
60832.083333	588.436000	300.000000	937412362.450065	6715497.606019	930696864.844046
60895.833333	587.991000	300.000000	937412362.450065	6715497.606019	930696864.844046
60960.000000	587.546000	300.000000	937412362.450065	6715497.606019	930696864.844046
61024.166667	587.103000	300.000000	937412362.450065	6715497.606019	930696864.844046
61087.916667	586.660000	300.000000	937412362.450065	6715497.606019	930696864.844046
61152.083333	586.218000	300.000000	937412362.450065	6715497.606019	930696864.844046
61215.833333	585.777000	300.000000	937412362.450065	6715497.606019	930696864.844046
61280.000000	585.337000	300.000000	937412362.450065	6715497.606019	930696864.844046
61344.166667	584.898000	300.000000	937412362.450065	6715497.606019	930696864.844046
61407.916667	584.460000	300.000000	937412362.450065	6715497.606019	930696864.844046
61472.083333	584.023000	300.000000	937412362.450065	6715497.606019	930696864.844046
61535.833333	583.586000	300.000000	937412362.450065	6715497.606019	930696864.844046
61600.000000	583.151000	300.000000	937412362.450065	6715497.606019	930696864.844046
61664.166667	582.716000	300.000000	937412362.450065	6715497.606019	930696864.844046
61727.916667	582.283000	300.000000	937412362.450065	6715497.606019	930696864.844046
61792.083333	581.850000	300.000000	937412362.450065	6715497.606019	930696864.844046
61855.833333	581.418000	300.000000	937412362.450065	6715497.606019	930696864.844046
61920.000000	580.987000	300.000000	937412362.450065	6715497.606019	930696864.844046
61984.166667	580.557000	300.000000	937412362.450065	6715497.606019	930696864.844046
62050.000000	580.114000	300.000000	937412362.450065	6715497.606019	930696864.844046
62114.166667	579.685000	300.000000	937412362.450065	6715497.606019	930696864.844046
62177.916667	579.258000	300.000000	937412362.450065	6715497.606019	930696864.844046
62242.083333	578.831000	300.000000	937412362.450065	6715497.606019	930696864.844046
62305.833333	578.405000	300.000000	937412362.450065	6715497.606019	930696864.844046
62370.000000	577.980000	300.000000	937412362.450065	6715497.606019	930696864.844046
62434.166667	577.556000	300.000000	937412362.450065	6715497.606019	930696864.844046
62497.916667	577.133000	300.000000	937412362.450065	6715497.606019	930696864.844046
62562.083333	576.711000	300.000000	937412362.450065	6715497.606019	930696864.844046
62625.833333	576.289000	300.000000	937412362.450065	6715497.606019	930696864.844046
62690.000000	575.868000	300.000000	937412362.450065	6715497.606019	930696864.844046
62754.166667	575.449000	300.000000	937412362.450065	6715497.606019	930696864.844046
62817.916667	575.030000	300.000000	937412362.450065	6715497.606019	930696864.844046
62882.083333	574.612000	300.000000	937412362.450065	6715497.606019	930696864.844046
62945.833333	574.195000	300.000000	937412362.450065	6715497.606019	930696864.844046
63010.000000	573.778000	300.000000	937412362.450065	6715497.606019	930696864.844046
63074.166667	573.363000	300.000000	937412362.450065	6715497.606019	930696864.844046
63137.916667	572.948000	300.000000	937412362.450065	6715497.606019	930696864.844046
63202.083333	572.534000	300.000000	937412362.450065	6715497.606019	930696864.844046
63265.833333	572.120000	300.000000	937412362.450065	6715497.606019	930696864.844046
63330.000000	571.708000	300.000000	937412362.450065	6715497.606019	930696864.844046
63394.166667	571.297000	300.000000	937412362.450065	6715497.606019	930696864.844046
63457.916667	570.886000	300.000000	937412362.450065	6715497.606019	930696864.844046
63522.083333	570.476000	300.000000	937412362.450065	6715497.606019	930696864.844046
63585.833333	570.067000	300.000000	937412362.450065	6715497.606019	930696864.844046
63650.000000	569.659000	300.000000	937412362.450065	6715497.606019	930696864.844046
63714.166667	569.251000	300.000000	937412362.450065	6715497.606019	930696864.844046
63777.916667	568.845000	300.000000	937412362.450065	6715497.606019	930696864.844046
63842.083333	568.439000	300.000000	937412362.450065	6715497.606019	930696864.844046
63905.833333	568.034000	300.000000	937412362.450065	6715497.606019	930696864.844046
63970.000000	567.630000	300.000000	937412362.450065	6715497.606019	930696864.844046
64034.166667	567.227000	300.000000	937412362.450065	6715497.606019	930696864.844046
64097.916667	566.824000	300.000000	937412362.450065	6715497.606019	930696864.844046
64162.083333	566.423000	300.000000	937412362.450065	6715497.606019	930696864.844046
64225.833333	566.022000	300.000000	937412362.450065	6715497.606019	930696864.844046
64290.000000	565.622000	300.000000	937412362.450065	6715497.606019	930696864.844046
64354.166667	565.222000	300.000000	937412362.450065	6715497.606019	930696864.844046
64417.916667	564.824000	300.000000	937412362.450065	6715497.606019	930696864.844046
64482.083333	564.426000	300.000000	937412362.450065	6715497.606019	930696864.844046
64545.833333	564.029000	300.000000	937412362.450065	6715497.606019	930696864.844046
64610.000000	563.633000	300.000000	937412362.450065	6715497.606019	930696864.844046
64674.166667	563.237000	300.000000	937412362.450065	6715497.606019	930696864.844046
64737.916667	562.843000	300.000000	937412362.450065	6715497.606019	930696864.844046
64802.083333	562.449000	300.000000	937412362.450065	6715497.606019	930696864.844046
64865.833333	562.056000	300.000000	937412362.450065	6715497.606019	930696864.844046
64930.000000	561.663000	300.000000	937412362.450065	6715497.606019	930696864.844046
64994.166667	561.272000	300.000000	937412362.450065	6715497.606019	930696864.844046
65057.916667	560.881000	300.000000	937412362.450065	6715497.606019	930696864.844046
65122.083333	560.491000	300.000000	937412362.450065	6715497.606019	930696864.844046
65185.833333	560.102000	300.000000	937412362.450065	6715497.606019	930696864.844046
65250.000000	559.714000	300.000000	937412362.450065	6715497.606019	930696864.844046
65314.166667	559.326000	300.000000	937412362.450065	6715497.606019	930696864.844046
65377.916667	558.939000	300.000000	937412362.450065	6715497.606019	930696864.844046
65442.083333	558.553000	300.000000	937412362.450065	6715497.606019	930696864.844046
65505.833333	558.168000	300.000000	937412362.450065	6715497.606019	930696864.844046
65570.000000	557.783000	300.000000	937412362.450065	6715497.606019	930696864.844046
65634.166667	557.399000	300.000000	937412362.450065	6715497.606019	930696864.844046
65700.000000	557.004000	300.000000	937412362.450065	6715497.606019	930696864.844046
65764.166667	556.621000	300.000000	937412362.450065	6715497.606019	930696864.844046
65827.916667	556.240000	300.000000	937412362.450065	6715497.606019	930696864.844046
65892.083333	555.859000	300.000000	937412362.450065	6715497.606019	930696864.844046
65955.833333	555.479000	300.000000	937412362.450065	6715497.606019	930696864.844046
66020.000000	555.099000	300.000000	937412362.450065	6715497.606019	930696864.844046
66084.166667	554.721000	300.000000	937412362.450065	6715497.606019	930696864.844046
66147.916667	554.343000	300.000000	937412362.450065	6715497.606019	930696864.844046
66212.083333	553.965000	300.000000	937412362.450065	6715497.606019	930696864.844046
66275.833333	553.589000	300.000000	937412362.450065	6715497.606019	930696864.844046
66340.000000	553.213000	300.000000	937412362.450065	6715497.606019	930696864.844046
66404.166667	552.838000	300.000000	937412362.450065	6715497.606019	930696864.844046
66467.916667	552.464000	300.000000	937412362.450065	6715497.606019	930696864.844046
66532.083333	552.090000	300.000000	937412362.450065	6715497.606019	930696864.844046
66595.833333	551.718000	300.000000	937412362.450065	6715497.606019	930696864.844046
66660.000000	551.345000	300.000000	937412362.450065	6715497.606019	930696864.844046
66724.166667	550.974000	300.000000	937412362.450065	6715497.606019	930696864.844046
66787.916667	550.603000	300.000000	937412362.450065	6715497.606019	930696864.844046
66852.083333	550.234000	300.000000	937412362.450065	6715497.606019	930696864.844046
66915.833333	549.864000	300.000000	937412362.450065	6715497.606019	930696864.844046
66980.000000	549.496000	300.000000	937412362.450065	6715497.606019	930696864.844046
67044.166667	549.128000	300.000000	937412362.450065	6715497.606019	930696864.844046
67107.916667	548.761000	300.000000	937412362.450065	6715497.606019	930696864.844046
67172.083333	548.394000	300.000000	937412362.450065	6715497.606019	930696864.844046
67235.833333	548.029000	300.000000	937412362.450065	6715497.606019	930696864.844046
67300.000000	547.664000	300.000000	937412362.450065	6715497.606019	930696864.844046
67364.166667	547.299000	300.000000	937412362.450065	6715497.606019	930696864.844046
67427.916667	546.936000	300.000000	937412362.450065	6715497.606019	930696864.844046
67492.083333	546.573000	300.000000	937412362.450065	6715497.606019	930696864.844046
67555.833333	546.211000	300.000000	937412362.450065	6715497.606019	930696864.844046
67620.000000	545.849000	300.000000	937412362.450065	6715497.606019	930696864.844046
67684.166667	545.489000	300.000000	937412362.450065	6715497.606019	930696864.844046
67747.916667	545.129000	300.000000	937412362.450065	6715497.606019	930696864.844046
67812.083333	544.769000	300.000000	937412362.450065	6715497.606019	930696864.844046
67875.833333	544.410000	300.000000	937412362.450065	6715497.606019	930696864.844046
67940.000000	544.052000	300.000000	937412362.450065	6715497.606019	930696864.844046
68004.166667	543.695000	300.000000	937412362.450065	6715497.606019	930696864.844046
68067.916667	543.338000	300.000000	937412362.450065	6715497.606019	930696864.844046
68132.083333	542.982000	300.000000	937412362.450065	6715497.606019	930696864.844046
68195.833333	542.627000	300.000000	937412362.450065	6715497.606019	930696864.844046
68260.000000	542.272000	300.000000	937412362.450065	6715497.606019	930696864.844046
68324.166667	541.918000	300.000000	937412362.450065	6715497.606019	930696864.844046
68387.916667	541.565000	300.000000	937412362.450065	6715497.606019	930696864.844046
68452.083333	541.212000	300.000000	937412362.450065	6715497.606019	930696864.844046
68515.833333	540.860000	300.000000	937412362.450065	6715497.606019	930696864.844046
68580.000000	540.509000	300.000000	937412362.450065	6715497.606019	930696864.844046
68644.166667	540.158000	300.000000	937412362.450065	6715497.606019	930696864.844046
68707.916667	539.808000	300.000000	937412362.450065	6715497.606019	930696864.844046
68772.083333	539.459000	300.000000	937412362.450065	6715497.606019	930696864.844046
68835.833333	539.110000	300.000000	937412362.450065	6715497.606019	930696864.844046
68900.000000	538.762000	300.000000	937412362.450065	6715497.606019	930696864.844046
68964.166667	538.415000	300.000000	937412362.450065	6715497.606019	930696864.844046
69027.916667	538.069000	300.000000	937412362.450065	6715497.606019	930696864.844046
69092.083333	537.723000	300.000000	937412362.450065	6715497.606019	930696864.844046
69155.833333	537.377000	300.000000	937412362.450065	6715497.606019	930696864.844046
69220.000000	537.033000	300.000000	937412362.450065	6715497.606019	930696864.844046
69284.166667	536.689000	300.000000	937412362.450065	6715497.606019	930696864.844046
69350.000000	536.335000	300.000000	937412362.450065	6715497.606019	930696864.844046
69414.166667	535.992000	300.000000	937412362.450065	6715497.606019	930696864.844046
69477.916667	535.650000	300.000000	937412362.450065	6715497.606019	930696864.844046
69542.083333	535.308000	300.000000	937412362.450065	6715497.606019	930696864.844046
69605.833333	534.967000	300.000000	937412362.450065	6715497.606019	930696864.844046
69670.000000	534.627000	300.000000	937412362.450065	6715497.606019	930696864.844046
69734.166667	534.288000	300.000000	937412362.450065	6715497.606019	930696864.844046
69797.916667	533.949000	300.000000	937412362.450065	6715497.606019	930696864.844046
69862.083333	533.611000	300.000000	937412362.450065	6715497.606019	930696864.844046
69925.833333	533.273000	300.000000	937412362.450065	6715497.606019	930696864.844046
69990.000000	532.936000	300.000000	937412362.450065	6715497.606019	930696864.844046
70054.166667	532.600000	300.000000	937412362.450065	6715497.606019	930696864.844046
70117.916667	532.264000	300.000000	937412362.450065	6715497.606019	930696864.844046
70182.083333	531.929000	300.000000	937412362.450065	6715497.606019	930696864.844046
70245.833333	531.594000	300.000000	937412362.450065	6715497.606019	930696864.844046
70310.000000	531.260000	300.000000	937412362.450065	6715497.606019	930696864.844046
70374.166667	530.927000	300.000000	937412362.450065	6715497.606019	930696864.844046
70437.916667	530.595000	300.000000	937412362.450065	6715497.606019	930696864.844046
70502.083333	530.263000	300.000000	937412362.450065	6715497.606019	930696864.844046
70565.833333	529.931000	300.000000	937412362.450065	6715497.606019	930696864.844046
70630.000000	529.601000	300.000000	937412362.450065	6715497.606019	930696864.844046
70694.166667	529.271000	300.000000	937412362.450065	6715497.606019	930696864.844046
70757.916667	528.941000	300.000000	937412362.450065	6715497.606019	930696864.844046
70822.083333	528.612000	300.000000	937412362.450065	6715497.606019	930696864.844046
70885.833333	528.284000	300.000000	937412362.450065	6715497.606019	930696864.844046
70950.000000	527.956000	300.000000	937412362.450065	6715497.606019	930696864.844046
71014.166667	527.629000	300.000000	937412362.450065	6715497.606019	930696864.844046
71077.916667	527.303000	300.000000	937412362.450065	6715497.606019	930696864.844046
71142.083333	526.977000	300.000000	937412362.450065	6715497.606019	930696864.844046
71205.833333	526.652000	300.000000	937412362.450065	6715497.606019	930696864.844046
71270.000000	526.327000	300.000000	937412362.450065	6715497.606019	930696864.844046
71334.166667	526.003000	300.000000	937412362.450065	6715497.606019	930696864.844046
71397.916667	525.679000	300.000000	937412362.450065	6715497.606019	930696864.844046
71462.083333	525.356000	300.000000	937412362.450065	6715497.606019	930696864.844046
71525.833333	525.034000	300.000000	937412362.450065	6715497.606019	930696864.844046
71590.000000	524.712000	300.000000	937412362.450065	6715497.606019	930696864.844046
71654.166667	524.391000	300.000000	937412362.450065	6715497.606019	930696864.844046
71717.916667	524.071000	300.000000	937412362.450065	6715497.606019	930696864.844046
71782.083333	523.751000	300.000000	937412362.450065	6715497.606019	930696864.844046
71845.833333	523.432000	300.000000	937412362.450065	6715497.606019	930696864.844046
71910.000000	523.113000	300.000000	937412362.450065	6715497.606019	930696864.844046
71974.166667	522.795000	300.000000	937412362.450065	6715497.606019	930696864.844046
72037.916667	522.477000	300.000000	937412362.450065	6715497.606019	930696864.844046
72102.083333	522.160000	300.000000	937412362.450065	6715497.606019	930696864.844046
72165.833333	521.844000	300.000000	937412362.450065	6715497.606019	930696864.844046
72230.000000	521.528000	300.000000	937412362.450065	6715497.606019	930696864.844046
72294.166667	521.213000	300.000000	937412362.450065	6715497.606019	930696864.844046
72357.916667	520.898000	300.000000	937412362.450065	6715497.606019	930696864.844046
72422.083333	520.584000	300.000000	937412362.450065	6715497.606019	930696864.844046
72485.833333	520.271000	300.000000	937412362.450065	6715497.606019	930696864.844046
72550.000000	519.958000	300.000000	937412362.450065	6715497.606019	930696864.844046
72614.166667	519.646000	300.000000	937412362.450065	6715497.606019	930696864.844046
72677.916667	519.334000	300.000000	937412362.450065	6715497.606019	930696864.844046
72742.083333	519.023000	300.000000	937412362.450065	6715497.606019	930696864.844046
72805.833333	518.712000	300.000000	937412362.450065	6715497.606019	930696864.844046
72870.000000	518.402000	300.000000	937412362.450065	6715497.606019	930696864.844046
72934.166667	518.093000	300.000000	937412362.450065	6715497.606019	930696864.844046
73000.000000	517.774000	300.000000	937412362.450065	6715497.606019	930696864.844046
