PVT_p	PVT_m(p)
14.695900	15969.016141
24.695900	45122.836675
34.695900	89113.716047
44.695900	147962.408966
54.695900	221687.113271
64.695900	310305.292145
74.695900	413829.151638
84.695900	532275.991556
94.695900	665659.466975
104.696000	813981.914007
114.696000	977264.805039
124.696000	1155505.011246
134.696000	1348715.665906
144.696000	1556902.515354
154.696000	1780069.912307
164.696000	2018220.817800
174.696000	2271373.462803
184.696000	2539496.669129
194.696000	2822624.726807
204.696000	3120738.716982
214.696000	3433856.632103
224.696000	3761932.243541
234.696000	4105038.841713
244.696000	4463081.904628
254.696000	4836124.166175
264.696000	5224154.360429
274.696000	5627133.512232
284.696000	6045099.557814
294.696000	6477982.500902
304.696000	6925786.243581
314.696000	7388588.420511
324.696000	7866284.593306
334.696000	8358848.069723
344.696000	8866340.391393
354.696000	9388734.282089
364.696000	9926017.825938
374.696000	10478113.289104
384.696000	11045076.685968
394.696000	11626811.282686
404.696000	12223454.798259
414.696000	12834818.743029
424.696000	13460886.919081
434.696000	14101832.969046
444.696000	14757426.254016
454.696000	15427744.156132
464.696000	16112782.997099
474.696000	16812403.138298
484.696000	17526784.827538
494.696000	18255713.586582
504.696000	18999095.728223
514.696000	19757212.421282
524.696000	20529888.748103
534.696000	21316968.913752
544.696000	22118546.824392
554.696000	22934594.925793
564.696000	23764915.708413
574.696000	24609812.746411
584.696000	25468938.517471
594.696000	26342593.737607
604.696000	27230379.028492
614.696000	28132243.919355
624.696000	29048578.590941
634.696000	29979096.274027
644.696000	30923606.336888
654.696000	31882440.269613
664.696000	32855184.880292
674.696000	33841953.923174
684.696000	34842780.554071
694.696000	35857302.260073
704.696000	36886052.455126
714.696000	37928403.641683
724.696000	38984920.234449
734.696000	40054940.699489
744.696000	41138729.856788
754.696000	42236245.604647
764.696000	43347445.199997
774.696000	44472238.000667
784.696000	45610673.276328
794.696000	46762285.230669
804.696000	47927718.784707
814.696000	49106217.075190
824.696000	50298510.868909
834.696000	51503757.141117
844.696000	52722244.834029
854.696000	53953978.935679
864.696000	55198910.205757
874.696000	56456988.820309
884.696000	57728102.564504
894.696000	59011853.414757
904.696000	60308928.723026
914.696000	61618451.365214
924.696000	62941336.725616
934.696000	64276474.063807
944.696000	65624364.442234
954.696000	66985410.853635
964.696000	68358578.000473
974.696000	69744254.432164
984.696000	71142455.853615
994.696000	72553047.159766
1004.700000	73976555.265867
1014.700000	75411314.759678
1024.700000	76858781.553570
1034.700000	78318389.386610
1044.700000	79790160.148860
1054.700000	81273309.284181
1064.700000	82769033.344507
1074.700000	84276073.250184
1084.700000	85795003.856838
1094.700000	87326160.003966
1104.700000	88868498.244461
1114.700000	90422434.160154
1124.700000	91988514.355333
1134.700000	93565448.273343
1144.700000	95153771.792465
1154.700000	96753414.523824
1164.700000	98364305.582191
1174.700000	99986373.592525
1184.700000	101619546.696529
1194.700000	103263752.559235
1204.700000	104918918.375598
1214.700000	106584970.877116
1224.700000	108261836.338459
1234.700000	109948715.462664
1244.700000	111646851.498385
1254.700000	113355696.830267
1264.700000	115074929.692996
1274.700000	116804724.302650
1284.700000	118543973.708117
1294.700000	120294269.892015
1304.700000	122054635.522346
1314.700000	123825258.940810
1324.700000	125604973.914052
1334.700000	127395462.125128
1344.700000	129195836.997326
1354.700000	131005025.316210
1364.700000	132824776.882721
1374.700000	134654172.450468
1384.700000	136493131.795140
1394.700000	138340529.329893
1404.700000	140198052.128362
1414.700000	142065044.202601
1424.700000	143941112.578204
1434.700000	145825394.465981
1444.700000	147719504.583153
1454.700000	149622594.550489
1464.700000	151534413.938354
1474.700000	153455042.777123
1484.700000	155384225.636746
1494.700000	157322046.326689
1504.700000	159268420.822488
1514.700000	161223086.184228
1524.700000	163185951.133125
1534.700000	165158151.504644
1544.700000	167137524.677239
1554.700000	169124830.939994
1564.700000	171121055.082921
1574.700000	173124153.368128
1584.700000	175136010.567693
1594.700000	177154543.073606
1604.700000	179181674.620216
1614.700000	181216413.994571
1624.700000	183257327.140631
1634.700000	185306595.588561
1644.700000	187363201.438080
1654.700000	189426846.301576
1664.700000	191498623.047781
1674.700000	193576288.574442
1684.700000	195660713.310146
1694.700000	197753243.353521
1704.700000	199851137.130842
1714.700000	201956751.665607
1724.700000	204068770.504032
1734.700000	206187328.046525
1744.700000	208312335.603298
1754.700000	210443234.072094
1764.700000	212581693.321042
1774.700000	214724798.813077
1784.700000	216875061.629221
1794.700000	219031331.913591
1804.700000	221193272.878295
1814.700000	223360787.713285
1824.700000	225534032.012633
1834.700000	227712661.300891
1844.700000	229897965.166487
1854.700000	232088741.913204
1864.700000	234284376.805554
1874.700000	236485295.156141
1884.700000	238691407.245663
1894.700000	240903524.693130
1904.700000	243119215.573486
1914.700000	245341009.096841
1924.700000	247567643.964088
1934.700000	249798469.687584
1944.700000	252035443.265728
1954.700000	254277000.385369
1964.700000	256522475.145045
1974.700000	258772343.577680
1984.700000	261026222.728802
1994.700000	263285565.856863
2004.700000	265549044.859755
2014.700000	267816269.093974
2024.700000	270087141.169710
2034.700000	272363463.842248
2044.700000	274642957.657793
2054.700000	276926451.694844
2064.700000	279212922.385028
2074.700000	281504534.825740
2084.700000	283799265.094400
2094.700000	286097016.158212
2104.700000	288399684.368252
2114.700000	290705206.068269
2124.700000	293013484.450558
2134.700000	295324755.192456
2144.700000	297640305.746989
2154.700000	299958687.206280
2164.700000	302280862.693536
2174.700000	304603959.976790
2184.700000	306931365.636834
2194.700000	309262674.694441
2204.700000	311594274.535651
2214.700000	313931744.693550
2224.700000	316269319.392585
2234.700000	318610482.103363
2244.700000	320953714.497154
2254.700000	323298565.162488
2264.700000	325647141.635707
2274.700000	327999018.243690
2284.700000	330350790.262949
2294.700000	332705698.667631
2304.700000	335064056.858758
2314.700000	337421655.378865
2324.700000	339784060.226234
2334.700000	342145902.628367
2344.700000	344510900.429430
2354.700000	346878607.414401
2364.700000	349247023.244881
2374.700000	351616450.648493
2384.700000	353988761.300427
2394.700000	356361532.146281
2404.700000	358737050.953855
2414.700000	361113276.492195
2424.700000	363489715.249112
2434.700000	365868281.072475
2444.700000	368249740.536977
2454.700000	370630770.234043
2464.700000	373012530.396623
2474.700000	375396145.346904
2484.700000	377781978.202031
2494.700000	380165847.512898
2504.700000	382553431.446177
2514.700000	384940964.499541
2524.700000	387327928.865527
2534.700000	389717213.219940
2544.700000	392105779.114494
2554.700000	394496101.397541
2564.700000	396888127.065454
2574.700000	399279215.210945
2584.700000	401669728.833988
2594.700000	404064356.987533
2604.700000	406455668.725012
2614.700000	408847900.740211
2624.700000	411241917.095965
2634.700000	413637209.039283
2644.700000	416031054.110752
2654.700000	418424305.288762
2664.700000	420818168.296897
2674.700000	423213059.045046
2684.700000	425606687.025206
2694.700000	428001222.628979
2704.700000	430394357.916472
2714.700000	432788766.981316
2724.700000	435183430.990647
2734.700000	437576498.933241
2744.700000	439970186.544344
2754.700000	442364443.788722
2764.700000	444757409.543150
2774.700000	447150332.204039
2784.700000	449541834.710426
2794.700000	451933678.972339
2804.700000	454325307.199410
2814.700000	456715332.660417
2824.700000	459105535.866878
2834.700000	461496384.441336
2844.700000	463884422.238528
2854.700000	466272996.911340
2864.700000	468661544.067414
2874.700000	471050015.739229
2884.700000	473436482.182099
2894.700000	475822766.253101
2904.700000	478206393.254057
2914.700000	480589726.879903
2924.700000	482973259.108714
2934.700000	485356409.082040
2944.700000	487737214.439290
2954.700000	490116986.725629
2964.700000	492497319.124059
2974.700000	494876525.986831
2984.700000	497253724.240543
2994.700000	499629689.360821
3004.700000	502005486.144708
3014.700000	504378561.567780
3024.700000	506750813.394114
3034.700000	509122196.616078
3044.700000	511493235.122649
3054.700000	513863891.585542
3064.700000	516231001.671507
3074.700000	518597635.392129
3084.700000	520963177.479115
3094.700000	523325588.673295
3104.700000	525689977.433154
3114.700000	528050561.789820
3124.700000	530410462.774778
3134.700000	532769053.907359
3144.700000	535127478.056199
3154.700000	537481895.356337
3164.700000	539835466.996217
3174.700000	542187557.641145
3184.700000	544538727.523507
3194.700000	546888941.707448
3204.700000	549235508.464614
3214.700000	551583699.892620
3224.700000	553927548.652388
3234.700000	556270898.884110
3244.700000	558612490.374477
3254.700000	560950208.773233
3264.700000	563289397.958667
3274.700000	565624632.765112
3284.700000	567960659.414281
3294.700000	570293274.689027
3304.700000	572624528.205640
3314.700000	574954387.047365
3324.700000	577282183.374026
3334.700000	579606405.172160
3344.700000	581931875.014164
3354.700000	584252417.479080
3364.700000	586572029.348427
3374.700000	588892813.067327
3384.700000	591209195.515441
3394.700000	593523912.461848
3404.700000	595834138.763346
3414.700000	598145424.046465
3424.700000	600455607.684692
3434.700000	602763345.623452
3444.700000	605067104.996244
3454.700000	607371830.249733
3464.700000	609671845.368415
3474.700000	611970608.390753
3484.700000	614266753.962265
3494.700000	616564442.987857
3504.700000	618857280.688371
3514.700000	621148759.832936
3524.700000	623438177.802613
3534.700000	625725505.234777
3544.700000	628007830.740046
3554.700000	630291569.623831
3564.700000	632573135.143000
3574.700000	634852498.546365
3584.700000	637127417.321562
3594.700000	639403676.242808
3604.700000	641676959.495037
3614.700000	643945705.985708
3624.700000	646215736.734212
3634.700000	648480472.700934
3644.700000	650745752.480744
3654.700000	653006377.814075
3664.700000	655268217.242477
3674.700000	657524637.118900
3684.700000	659782236.656660
3694.700000	662034355.259464
3704.700000	664283925.507384
3714.700000	666535342.135360
3724.700000	668780467.435384
3734.700000	671027409.846866
3744.700000	673268722.858589
3754.700000	675511100.427672
3764.700000	677747789.532518
3774.700000	679985510.678645
3784.700000	682218218.725001
3794.700000	684451194.958644
3804.700000	686679104.335361
3814.700000	688907985.967126
3824.700000	691131009.864008
3834.700000	693354974.744489
3844.700000	695573771.078783
3854.700000	697793481.466125
3864.700000	700011039.232249
3874.700000	702225674.325880
3884.700000	704435041.516658
3894.700000	706645266.127468
3904.700000	708853260.791225
3914.700000	711058248.219453
3924.700000	713261726.976588
3934.700000	715462158.884621
3944.700000	717660285.452003
3954.700000	719856089.083255
3964.700000	722049552.296409
3974.700000	724243778.131614
3984.700000	726432513.501868
3994.700000	728618856.662137
4004.700000	730805149.689389
4014.700000	732986660.507704
4024.700000	735168093.569191
4034.700000	737344704.748264
4044.700000	739521994.525028
4054.700000	741696015.774000
4064.700000	743868321.106845
4074.700000	746038110.597734
4084.700000	748204577.138561
4094.700000	750369284.610794
4104.700000	752531427.940309
4114.700000	754694179.536214
4124.700000	756851151.716059
4134.700000	759005512.409085
4144.700000	761160448.330426
4154.700000	763313554.413249
4164.700000	765459998.667341
4174.700000	767607792.812245
4184.700000	769752911.316492
4194.700000	771895339.074013
4204.700000	774038290.794164
4214.700000	776175296.659708
4224.700000	778310382.718790
4234.700000	780445147.873273
4244.700000	782574728.681655
4254.700000	784705606.486970
4264.700000	786832883.828432
4274.700000	788958189.627520
4284.700000	791080688.836496
4294.700000	793200367.300075
4304.700000	795321314.030805
4314.700000	797435314.917367
4324.700000	799551400.773077
4334.700000	801660504.504645
4344.700000	803770848.329159
4354.700000	805878303.609878
4364.700000	807982856.808599
4374.700000	810085335.333471
4384.700000	812188195.993398
4394.700000	814285658.338798
4404.700000	816383487.928630
4414.700000	818478363.903602
4424.700000	820567797.935139
4434.700000	822657575.756354
4444.700000	824747696.765832
4454.700000	826832341.209656
4464.700000	828914829.525159
4474.700000	830997641.447606
4484.700000	833077427.979621
4494.700000	835155036.727039
4504.700000	837229598.388031
4514.700000	839301963.869441
4524.700000	841371260.899428
4534.700000	843441711.889709
4544.700000	845505709.042084
4554.700000	847570850.115941
4564.700000	849632888.672758
4574.700000	851692685.315624
4584.700000	853750232.875036
4594.700000	855808040.147412
4604.700000	857859316.608802
4614.700000	859911715.755952
4624.700000	861961839.268018
4634.700000	864008798.783297
4644.700000	866053465.957752
4654.700000	868099247.967227
4664.700000	870138428.017039
4674.700000	872178713.987993
4684.700000	874215796.465243
4694.700000	876250554.810701
4704.700000	878282982.529900
4714.700000	880315615.923702
4724.700000	882342470.633093
4734.700000	884370415.851481
4744.700000	886395111.780373
4754.700000	888417446.848838
4764.700000	890440868.783976
4774.700000	892457565.378034
4784.700000	894475340.878636
4794.700000	896490735.331282
4804.700000	898503742.741428
4814.700000	900513449.733907
4824.700000	902520755.073449
4834.700000	904529131.367783
4844.700000	906530707.842325
4854.700000	908534260.869670
4864.700000	910534481.759504
4874.700000	912535768.601190
4884.700000	914530217.850639
4894.700000	916526644.408973
4904.700000	918520634.899186
4914.700000	920511262.699926
4924.700000	922497595.875916
4934.700000	924485163.952829
4944.700000	926474717.819642
4954.700000	928453482.293262
4964.700000	930439972.510158
4974.700000	932415644.311783
4984.700000	934389761.435002
4994.700000	936365854.737851
5004.700000	938340397.591086
5014.700000	940313388.870525
5024.700000	942284827.476004
5034.700000	944245342.958847
5044.700000	946217208.173908
5054.700000	948174577.656839
5064.700000	950143326.919833
5074.700000	952101104.161066
5084.700000	954060864.236445
5094.700000	956015487.935946
5104.700000	957972098.975190
5114.700000	959917664.909778
5124.700000	961871114.046646
5134.700000	963822987.281097
5144.700000	965767354.966412
5154.700000	967710126.561441
5164.700000	969660834.104200
5174.700000	971600423.650239
5184.700000	973538415.028299
5194.700000	975478402.149376
5204.700000	977416795.856919
5214.700000	979344001.908542
5224.700000	981279194.809878
5234.700000	983212792.479881
5244.700000	985138774.238654
5254.700000	987059529.283819
5264.700000	988991932.279673
5274.700000	990916696.935569
5284.700000	992836230.502444
5294.700000	994757772.112435
5304.700000	996677703.008098
5314.700000	998596022.770702
5324.700000	1000503007.466418
5334.700000	1002418092.170541
5344.700000	1004325456.639402
5354.700000	1006240949.231621
5364.700000	1008145065.117888
5374.700000	1010047550.618189
5384.700000	1011952055.397609
5394.700000	1013854934.956726
5404.700000	1015756189.062643
5414.700000	1017655817.499748
5424.700000	1019553820.069566
5434.700000	1021453860.486452
5444.700000	1023342420.873444
5454.700000	1025239208.624789
5464.700000	1027124493.964551
5474.700000	1029018028.508937
5484.700000	1030903716.074914
5494.700000	1032787765.847010
5504.700000	1034670177.782654
5514.700000	1036550951.855109
5524.700000	1038433776.498462
5534.700000	1040314968.638336
5544.700000	1042194528.259891
5554.700000	1044062476.653440
5564.700000	1045938760.578705
5574.700000	1047817113.865638
5584.700000	1049683829.535186
5594.700000	1051548897.093922
5604.700000	1053422348.027898
5614.700000	1055284130.148252
5624.700000	1057147979.469057
5634.700000	1059010186.442960
5644.700000	1060870751.227643
5654.700000	1062733396.679526
5664.700000	1064590680.180152
5674.700000	1066450049.867206
5684.700000	1068297669.462479
5694.700000	1070153756.514883
5704.700000	1072001809.203314
5714.700000	1073854617.106903
5724.700000	1075699376.095552
5734.700000	1077542484.951157
5744.700000	1079397863.405175
5754.700000	1081237685.298000
5764.700000	1083079608.557439
5774.700000	1084919887.938906
5784.700000	1086758523.778743
5794.700000	1088599274.427988
5804.700000	1090434626.698028
5814.700000	1092261856.910148
5824.700000	1094097682.730661
5834.700000	1095935639.579790
5844.700000	1097757923.206143
5854.700000	1099592605.264957
5864.700000	1101415366.051862
5874.700000	1103236477.455983
5884.700000	1105066249.278149
5894.700000	1106887855.031709
5904.700000	1108707817.607939
5914.700000	1110526137.491085
5924.700000	1112342815.176631
5934.700000	1114161643.003405
5944.700000	1115978834.381368
5954.700000	1117794389.808167
5964.700000	1119597926.030960
5974.700000	1121410201.898846
5984.700000	1123224646.998152
5994.700000	1125027051.814287
6004.700000	1126838229.991605
6014.700000	1128637350.901834
