t(days)	RNP(psia2/cp-D/Mscf)
0.25	1361579.6320402352
0.33040833333333336	1956511.4924027447
0.4861958333333333	2608864.801773951
0.7977666666666666	3478161.411016568
1.4209083333333332	4695343.309827343
2.667195833333333	6423161.727599926
5.07725	8823611.225507181
9.897375	12257510.860110162
19.198041666666665	17053913.505089376
35.644875	23346507.916668877
66.05958333333334	31892730.98385814
124.99208333333333	43905558.85044351
188.99208333333334	54925219.82224909
252.99208333333334	64572087.22804955
316.99208333333337	73193310.96008419
380.9920833333333	81029511.38735723
444.9916666666666	88246151.82561645
508.9916666666666	94960250.1037196
572.9916666666667	101258347.81375523
636.9916666666667	107205726.35597749
700.9916666666667	112852915.40841524
764.9916666666667	118240033.64701241
828.9916666666667	123399247.01200272
892.9916666666667	128356932.61397581
956.9916666666667	133134715.11106944
1020.9916666666667	137751224.74883613
1084.9916666666666	142221620.88329086
1148.9916666666666	146559511.3371095
1212.9916666666666	150776299.6491076
1276.9916666666666	154882014.1625986
1340.9916666666666	158885436.30802172
1404.9916666666668	162794908.65718612
1468.9916666666668	166616873.85877645
1532.9916666666668	170358081.7113927
1596.9916666666668	174024484.4587303
1660.9916666666668	177620684.920044
1724.9916666666668	181151898.88860813
1788.9916666666668	184622514.39057633
1852.9916666666668	188037042.8047953
1916.9916666666668	191398624.3692269
1980.9916666666668	194711345.23127073
2044.9916666666668	197978065.31873927
2108.991666666667	201211742.1497638
2172.991666666667	204396026.01222086
2236.991666666667	207544703.51001856
2300.991666666667	210659269.27538726
2364.991666666667	213742998.80670202
2428.991666666667	216796576.90959513
2492.991666666667	219823862.7540658
2556.991666666667	222825336.34458113
2620.991666666667	225804125.6869851
2684.991666666667	228761254.94517443
2748.991666666667	231698187.59576446
2812.991666666667	234616843.6766543
2876.991666666667	237519010.22201517
2940.991666666667	240405662.31093115
3004.991666666667	243277464.5013008
3068.991666666667	246137962.7747928
3132.991666666667	248986571.43882632
3196.991666666667	251824186.4712152
3260.991666666667	254653346.55190668
3324.991666666667	257474123.81707197
3388.991666666667	260288190.32230496
3452.991666666667	263095263.82945153
3516.991666666667	265897436.10927528
3580.991666666667	268694764.6189113
3650.0	271705372.18945765
3714.0	274494884.3100728
3778.0	277283602.12009203
3842.0	280069713.6833629
3906.0	282854774.6435953
3970.0	285639665.2366875
4034.0	288424511.00431275
4098.0	291210423.4233365
4162.0	293997733.4407506
4226.0	296785908.07292485
4290.0	299576357.2538301
4354.0	302369668.98874485
4418.0	305165523.374914
4482.0	307964641.9676603
4546.0	310766807.18971515
4610.0	313573941.2485879
4674.0	316384920.3660676
4738.0	319200765.7977119
4802.0	322021495.22140443
4866.0	324847162.104427
4930.0	327677857.4098492
4994.0	330514885.0612758
5058.0	333357283.00328684
5122.0	336206480.25779885
5186.0	339060327.52895206
5250.0	341921580.3480016
5314.0	344790655.7024004
5378.0	347665424.54176015
5442.0	350547599.16987944
5506.0	353436347.3857875
5570.0	356334897.29313457
5634.0	359238392.2972292
5698.0	362150131.0718024
5762.0	365070788.2935507
5826.0	367999646.0533107
5890.0	370934479.3843298
5954.0	373880449.78449535
6018.0	376832388.5205003
6082.0	379794111.82235944
6146.0	382763401.0183122
6210.0	385742709.46892184
6274.0	388728167.0547055
6338.0	391725570.14173484
6402.0	394731047.9447139
6466.0	397743901.4863828
6530.0	400766857.2159577
6594.0	403799320.9293648
6658.0	406840674.9565253
6722.0	409893888.2770246
6786.0	412952960.76070493
6850.0	416022700.89089435
6914.0	419102560.3952134
6978.0	422191969.318306
7042.0	425290335.70223016
7106.0	428399017.1894345
7170.0	431517463.2993539
7234.0	434645102.3892468
7300.0	437882267.2112007
7364.0	441030036.2245989
7428.0	444187347.2013509
7492.0	447357933.14076734
7556.0	450534846.66372013
7620.0	453724022.9539432
7684.0	456922776.4247508
7748.0	460132826.8299062
7812.0	463351387.9400018
7876.0	466582543.2489166
7940.0	469823501.2716356
8004.0	473073726.3737058
8068.0	476332663.6456929
8132.0	479607153.0831864
8196.0	482889389.4954453
8260.0	486181301.1774782
8324.0	489484934.54440796
8388.0	492799847.9522006
8452.0	496125582.96100944
8516.0	499461664.078591
8580.0	502807598.51110023
8644.0	506165628.72217983
8708.0	509532547.25745326
8772.0	512910635.6674675
8836.0	516302307.1107868
8900.0	519704305.7616323
8964.0	523116148.725815
9028.0	526537336.2699547
9092.0	529973387.2651337
9156.0	533417889.27202654
9220.0	536873389.7747666
9284.0	540342578.955218
9348.0	543821938.0881422
9412.0	547310989.6818249
9476.0	550812499.9077023
9540.0	554322782.1915964
9604.0	557847998.2522142
9668.0	561381088.2904247
9732.0	564928353.2492726
9796.0	568486006.0739983
9860.0	572057104.389277
9924.0	575637746.4538482
9988.0	579227444.0617919
10052.0	582829343.1133891
10116.0	586446755.120665
10180.0	590071937.9455806
10244.0	593711917.5575542
10308.0	597358740.4808966
10372.0	601019589.4455041
10436.0	604694153.0511243
10500.0	608378131.0263083
10564.0	612075067.6356385
10628.0	615780539.2607211
10692.0	619502283.0164121
10756.0	623231725.4235784
10820.0	626976775.3358526
10884.0	630728633.8644519
10950.0	634616525.0717988
11014.0	638394963.0927631
11078.0	642183212.8202795
11142.0	645985302.583427
11206.0	649800922.1968096
11270.0	653629750.0818508
11334.0	657466808.5477659
11398.0	661316288.0640403
11462.0	665182584.4392682
11526.0	669055874.5446253
11590.0	672940474.786553
11654.0	676840912.2831342
11718.0	680751971.125579
11782.0	684673232.2865283
11846.0	688609358.6996111
11910.0	692554927.4805757
11974.0	696514694.3198324
12038.0	700488367.6872941
12102.0	704470313.1743633
12166.0	708465429.05734
12230.0	712478844.385619
12294.0	716499376.2993544
12358.0	720532070.5159533
12422.0	724576568.4243668
12486.0	728632499.9561946
12550.0	732705251.7233602
12614.0	736788790.8643633
12678.0	740882713.6157033
12742.0	744992567.5346774
12806.0	749112093.4031283
12870.0	753240852.4219575
12934.0	757390720.2389662
12998.0	761542945.7369541
13062.0	765715749.4644386
13126.0	769896319.5440717
13190.0	774097034.7201585
13254.0	778304787.4594803
13318.0	782519056.3362199
13382.0	786752607.7331833
13446.0	790998601.7831283
13510.0	795263492.1336807
13574.0	799533409.0838422
13638.0	803814712.479204
13702.0	808114045.3108444
13766.0	812424156.1864265
13830.0	816744651.1198105
13894.0	821082368.6317128
13958.0	825429802.1729325
14022.0	829793923.7197276
14086.0	834167053.4220471
14150.0	838556298.7386442
14214.0	842953803.443602
14278.0	847366812.5025461
14342.0	851787290.2731425
14406.0	856230498.3983426
14470.0	860680505.7049489
14534.0	865144840.2949018
14600.0	869761382.3935541
14664.0	874254964.3458767
14728.0	878762028.9340445
14792.0	883273889.705745
14856.0	887806912.882684
14920.0	892352478.8287741
14984.0	896910255.5186585
15048.0	901479901.2447056
15112.0	906069885.3599627
15176.0	910662294.3679515
15240.0	915274489.692724
15304.0	919897270.8838698
15368.0	924530248.089291
15432.0	929182297.6987975
15496.0	933843918.850573
15560.0	938520370.6538167
15624.0	943210437.7212949
15688.0	947913823.622502
15752.0	952630223.1007174
15816.0	957360306.7472645
15880.0	962104775.2314781
15944.0	966862351.0864346
16008.0	971633737.4711822
16072.0	976416595.512315
16136.0	981213669.3994055
16200.0	986023637.1480614
16264.0	990848292.1133729
16328.0	995687370.9186485
16392.0	1000539526.4907321
16456.0	1005405533.847665
16520.0	1010285104.8325447
16584.0	1015179050.2246954
16648.0	1020084861.0479568
16712.0	1025004449.2017521
16776.0	1029937525.0032606
16840.0	1034884941.1825398
16904.0	1039845262.6872795
16968.0	1044820520.6764991
17032.0	1049810459.1614194
17096.0	1054813618.9443741
17160.0	1059830901.1656772
17224.0	1064860807.7317902
17288.0	1069904246.1144958
17352.0	1074963403.3546624
17416.0	1080035538.8754299
17480.0	1085120340.5007014
17544.0	1090220041.8003585
17608.0	1095333096.5937655
17672.0	1100459203.9398234
17736.0	1105601994.8230596
17800.0	1110759936.6553762
17864.0	1115930102.5695693
17928.0	1121114860.5667226
17992.0	1126311218.3057308
18056.0	1131521577.4536808
18120.0	1136745655.9290597
18184.0	1141984565.1119246
18250.0	1147404941.2969117
18314.0	1152674263.8861942
18378.0	1157959069.8523357
18442.0	1163256209.5043695
18506.0	1168566821.2841928
18570.0	1173892088.9018407
18634.0	1179231748.066553
18698.0	1184585527.1137567
18762.0	1189953146.9157217
18826.0	1195335856.0147114
18890.0	1200733401.7678158
18954.0	1206145524.3958514
19018.0	1211570379.6848714
19082.0	1217009242.140864
19146.0	1222463435.445184
19210.0	1227931093.1935768
19274.0	1233413553.2078488
19338.0	1238910554.8613412
19402.0	1244421830.3960402
19466.0	1249948783.547474
19530.0	1255492870.422294
19594.0	1261048765.8346994
19658.0	1266619575.7743
19722.0	1272205041.8748465
19786.0	1277803144.39766
19850.0	1283415334.353845
19914.0	1289043117.1542153
19978.0	1294684451.5539136
20042.0	1300342676.9294183
20106.0	1306013921.5688026
20170.0	1311699725.6570098
20234.0	1317399821.4264634
20298.0	1323115815.0958917
20362.0	1328847473.7878299
20426.0	1334592644.363699
20490.0	1340352961.5376978
20554.0	1346130119.3746
20618.0	1351919981.0060143
20682.0	1357724210.2926645
20746.0	1363542533.885833
20810.0	1369374671.477047
20874.0	1375222367.7842643
20938.0	1381085380.4253027
21002.0	1386963460.526542
21066.0	1392858437.1618433
21130.0	1398767999.1764667
21194.0	1404691878.1218488
21258.0	1410631936.8086393
21322.0	1416583635.0995607
21386.0	1422553152.7137375
21450.0	1428535918.1893687
21514.0	1434531629.0767553
21578.0	1440544435.1397543
21642.0	1446571883.2916212
21706.0	1452613706.5327203
21770.0	1458671917.3662734
21834.0	1464746292.6292598
21900.0	1471027232.8947997
21964.0	1477130140.6413665
22028.0	1483250803.374254
22092.0	1489384264.4254825
22156.0	1495535016.4691732
22220.0	1501698011.7303655
22284.0	1507877808.9022064
22348.0	1514071730.9053333
22412.0	1520281980.577906
22476.0	1526508331.8474085
22540.0	1532748028.425262
22604.0	1539003315.2165334
22668.0	1545276513.3517296
22732.0	1551564848.2672935
22796.0	1557868063.4197662
22860.0	1564185895.967164
22924.0	1570518076.7020974
22988.0	1576864329.985508
23052.0	1583224373.6810756
23116.0	1589603349.0649652
23180.0	1595998355.1987956
23244.0	1602409156.9272044
23308.0	1608835513.1610458
23372.0	1615277176.8116546
23436.0	1621733894.725551
23500.0	1628205407.6196253
23564.0	1634691450.0168555
23628.0	1641194644.2668147
23692.0	1647714781.405823
23756.0	1654248706.642339
23820.0	1660796129.93056
23884.0	1667362728.9232895
23948.0	1673942320.7282968
24012.0	1680540665.4364808
24076.0	1687151474.053721
24140.0	1693777507.5417604
24204.0	1700421616.9024096
24268.0	1707080482.4009745
24332.0	1713753836.6598473
24396.0	1720441406.1638973
24460.0	1727146116.3559756
24524.0	1733867756.2182412
24588.0	1740609364.6558914
24652.0	1747364234.4747403
24716.0	1754135368.4489157
24780.0	1760922533.610417
24844.0	1767722133.8171234
24908.0	1774540613.8822403
24972.0	1781374391.9994764
25036.0	1788223212.2877047
25100.0	1795086812.9898732
25164.0	1801964926.4149287
25228.0	1808860794.494387
25292.0	1815774218.2293003
25356.0	1822701423.862343
25420.0	1829642120.3318539
25484.0	1836603258.899468
25550.0	1843796535.5527773
25614.0	1850788710.377629
25678.0	1857797034.6290512
25742.0	1864825007.702265
25806.0	1871864942.1746178
25870.0	1878924091.461428
25934.0	1885998465.6712399
25998.0	1893087805.7316523
26062.0	1900195726.4216225
26126.0	1907314227.017773
26190.0	1914450819.7054086
26254.0	1921601342.9659007
26318.0	1928773503.2506511
26382.0	1935959131.6008306
26446.0	1943161986.0615635
26510.0	1950381852.0706694
26574.0	1957618509.9249437
26638.0	1964867586.5299323
26702.0	1972141296.324491
26766.0	1979422749.3886387
26830.0	1986724241.7549632
26894.0	1994041348.256834
26958.0	2001373817.2114995
27022.0	2008721391.420433
27086.0	2016088175.3854158
27150.0	2023469597.5094008
27214.0	2030865384.2750797
27278.0	2038279720.3823106
27342.0	2045716915.1796057
27406.0	2053163287.0225756
27470.0	2060627566.5915651
27534.0	2068109551.8318985
27598.0	2075604406.8975472
27662.0	2083116481.7752914
27726.0	2090650255.3940992
27790.0	2098196146.8179688
27854.0	2105758591.1575634
27918.0	2113337355.9102945
27982.0	2120937036.7491615
28046.0	2128547758.9087274
28110.0	2136178976.0997021
28174.0	2143825602.1690476
28238.0	2151487378.9401026
28302.0	2159169051.98552
28366.0	2166865414.653448
28430.0	2174581273.9207
28494.0	2182311341.7356935
28558.0	2190055333.6017003
28622.0	2197818149.462638
28686.0	2205594376.969144
28750.0	2213394242.929687
28814.0	2221207061.5960345
28878.0	2229037860.106977
28942.0	2236886434.0541606
29006.0	2244747160.21535
29070.0	2252630614.880546
29134.0	2260531203.1692877
29200.0	2268692005.4213963
29264.0	2276627890.666813
29328.0	2284580233.8936095
29392.0	2292543149.6748414
29456.0	2300527649.543567
29520.0	2308527877.159329
29584.0	2316543579.0035534
29648.0	2324580302.4288573
29712.0	2332632058.0567093
29776.0	2340698577.377731
29840.0	2348785514.1605124
29904.0	2356886743.5602517
29968.0	2365001981.668559
30032.0	2373136990.2698927
30096.0	2381291599.4239197
30160.0	2389459500.345433
30224.0	2397640388.3949547
30288.0	2405846391.4613657
30352.0	2414064925.63256
30416.0	2422308279.5073814
30480.0	2430570037.695368
30544.0	2438843608.5784235
30608.0	2447141525.1473665
30672.0	2455450751.8977146
30736.0	2463777464.696538
30800.0	2472121443.9236565
30864.0	2480482465.310032
30928.0	2488860299.8944936
30992.0	2497254713.9807196
31056.0	2505658723.2433043
31120.0	2514092321.941172
31184.0	2522535024.3636627
31248.0	2531000206.2554464
31312.0	2539480819.0216036
31376.0	2547976600.3795733
31440.0	2556487283.0166116
31504.0	2565019663.776648
31568.0	2573566490.2762895
31632.0	2582141808.376651
31696.0	2590723982.2850513
31760.0	2599327096.3908877
31824.0	2607950998.3888946
31888.0	2616595532.188272
31952.0	2625245727.5626245
32016.0	2633923489.0166874
32080.0	2642613788.215517
32144.0	2651323856.99282
32208.0	2660045915.296806
32272.0	2668794937.227181
32336.0	2677555481.2655253
32400.0	2686327206.1007466
32464.0	2695125373.8323975
32528.0	2703942082.638136
32592.0	2712769222.4671984
32656.0	2721622348.680114
32720.0	2730493394.0556383
32784.0	2739374079.7415924
32850.0	2748564329.8053417
32914.0	2757481444.9169865
32978.0	2766423715.3015714
33042.0	2775382790.1355233
33106.0	2784358431.168784
33170.0	2793350395.5605373
33234.0	2802358435.841061
33298.0	2811390792.3214264
33362.0	2820430277.965133
33426.0	2829493671.3740325
33490.0	2838580872.0546503
33554.0	2847674350.1731696
33618.0	2856791201.667505
33682.0	2865931314.859494
33746.0	2875085693.2388654
33810.0	2884262986.80135
33874.0	2893454077.785107
33938.0	2902658668.533934
34002.0	2911885566.7481585
34066.0	2921125469.914681
34130.0	2930387292.410144
34194.0	2939661607.2142973
34258.0	2948966780.346217
34322.0	2958274630.15577
34386.0	2967613035.1065516
34450.0	2976962972.06004
34514.0	2986333682.5820036
34578.0	2995725001.509766
34642.0	3005127056.7093196
34706.0	3014559021.176956
34770.0	3024001250.427418
34834.0	3033463266.6602993
34898.0	3042944884.9583344
34962.0	3052435905.33398
35026.0	3061956094.9615784
35090.0	3071485171.6897235
35154.0	3081032945.162416
35218.0	3090609472.911155
35282.0	3100194082.8765798
35346.0	3109807152.026031
35410.0	3119427744.9482884
35474.0	3129076486.775418
35538.0	3138732176.0557346
35602.0	3148415688.4930263
35666.0	3158116270.2546535
35730.0	3167844465.8487945
35794.0	3177578534.437414
35858.0	3187328945.797919
35922.0	3197106431.485598
35986.0	3206899888.166601
36050.0	3216709056.875999
36114.0	3226544859.920425
36178.0	3236384726.118399
36242.0	3246250823.491001
36306.0	3256143082.0075235
36370.0	3266038506.3413596
36434.0	3275959664.919787
36500.0	3286219739.432109
36564.0	3296170680.535798
36628.0	3306146835.2038026
36692.0	3316148113.1493587
36756.0	3326162534.153577
36820.0	3336189786.873307
36884.0	3346241586.1678863
36948.0	3356305724.6862454
37012.0	3366394053.6991625
37076.0	3376506462.5979867
37140.0	3386630514.506292
37204.0	3396778268.2980156
37268.0	3406949603.347463
37332.0	3417144396.01869
37396.0	3427349898.1552067
37460.0	3437578450.495477
37524.0	3447817146.322661
37588.0	3458091317.564527
37652.0	3468362276.2403026
37716.0	3478655421.8693924
37780.0	3488970605.291941
37844.0	3499307674.0788164
37908.0	3509653237.5653195
37972.0	3520033528.154487
38036.0	3530421834.4601226
38100.0	3540831224.4159017
38164.0	3551247977.0907927
38228.0	3561698939.730074
38292.0	3572170463.934837
38356.0	3582662368.807391
38420.0	3593160597.6551776
38484.0	3603678671.912145
38548.0	3614230434.058796
38612.0	3624787699.1421776
38676.0	3635378420.630545
38740.0	3645974077.51118
38804.0	3656602946.0526333
38868.0	3667250616.0467734
38932.0	3677902339.228244
38996.0	3688586881.8080616
39060.0	3699289572.0147486
39124.0	3709995395.2533526
39188.0	3720733614.4210253
39252.0	3731489292.406077
39316.0	3742262191.8224297
39380.0	3753067205.5908933
39444.0	3763873906.944391
39508.0	3774697093.8102646
39572.0	3785551910.044728
39636.0	3796422877.5083375
39700.0	3807325310.5721292
39764.0	3818227883.553489
39828.0	3829161567.72766
39892.0	3840110515.856638
39956.0	3851090386.6994653
40020.0	5942263201.418177
40084.0	3873094511.1654963
40150.0	11214738062.680622
40214.0	819061230.3271623
40278.0	8419084853.578219
40342.0	3703659339.4909387
40406.0	6492754512.033905
40470.0	4443562434.250149
40534.0	3960635042.0637474
40598.0	5461387481.5309925
40662.0	3973380628.8782816
40726.0	3984591028.2995815
40790.0	3995813397.178606
40854.0	9118434686.900766
40918.0	10803641292.8038
40982.0	5862066295.372357
41046.0	3158239719.2477207
41110.0	4052234090.972228
41174.0	5991208159.867922
41238.0	4074926289.619987
41302.0	4086305167.0356803
41366.0	10063828865.452427
41430.0	9188979586.583876
41494.0	10752589639.679516
41558.0	11617819076.456572
41622.0	1714178206.3135862
41685.833333333336	10702540186.553905
41750.0	5745451561.6994
41814.166666666664	4178062582.910811
41877.916666666664	4189629494.713074
41942.083333333336	817679196.8589253
42005.833333333336	362074656.16493034
42070.0	2177280178.166914
42134.166666666664	4236081985.753965
42197.916666666664	6432427507.297443
42262.083333333336	4259423737.175446
42325.833333333336	4271112938.409153
42390.0	9255839025.388288
42454.166666666664	4844754359.01501
42517.916666666664	11097592392.712288
42582.083333333336	1008914319.782547
42645.833333333336	5828409164.655813
42710.0	9877398784.216682
42774.166666666664	4353567087.558338
42837.916666666664	7185128783.210806
42902.083333333336	2245557293.610191
42965.833333333336	7260848013.770071
43030.0	8363695405.84162
43094.166666666664	4769017529.759013
43157.916666666664	4425041553.995229
43222.083333333336	465517064.24089384
43285.833333333336	9456653270.310024
43350.0	607415040.3991184
43414.166666666664	4473106312.181513
43477.916666666664	1901277819.4012122
43542.083333333336	7915719248.523798
43605.833333333336	10919560163.122978
43670.0	11504126317.726528
43734.166666666664	7498696795.024513
43800.0	4546171935.678541
43864.166666666664	4558351527.83433
43927.916666666664	919753602.4913216
43992.083333333336	10193640455.084322
44055.833333333336	1175819905.566496
44120.0	336410297.24541235
44184.166666666664	2386634030.7732563
44247.916666666664	3016427275.8378787
44312.083333333336	4644219107.101565
44375.833333333336	4656557652.270731
44440.0	8857580531.02332
44504.166666666664	9830485049.038734
44567.916666666664	4693733085.427775
44632.083333333336	4706146099.068812
44695.833333333336	7261000146.974435
44760.0	11469983552.483242
44824.166666666664	4743588793.349915
44887.916666666664	4756121424.562286
44952.083333333336	4826603561.52396
45015.833333333336	10542975844.592327
45080.0	12185205721.392567
45144.166666666664	2484259732.733932
45207.916666666664	4761688466.096924
45272.083333333336	4662826180.579878
45335.833333333336	9700378677.365677
45400.0	6904635260.466058
45464.166666666664	3643922439.9686937
45527.916666666664	6013256616.175927
45592.083333333336	9570215825.902618
45655.833333333336	4907936280.692748
45720.0	2245564364.541819
45784.166666666664	35157200.18311787
45847.916666666664	1962571172.0165677
45912.083333333336	5956591881.166089
45975.833333333336	4972043127.392254
46040.0	4984932485.158415
46104.166666666664	4997862005.724692
46167.916666666664	5010777837.955661
46232.083333333336	8860801316.905941
46295.833333333336	8378403320.294384
46360.0	3753419371.764646
46424.166666666664	9409135386.044182
46487.916666666664	4982406742.635457
46552.083333333336	10898403679.941038
46615.833333333336	1895786379.992663
46680.0	8293257662.989557
46744.166666666664	2939112230.3378425
46807.916666666664	10488676644.905468
46872.083333333336	5715969406.350686
46935.833333333336	1350707116.5965204
47000.0	105352409.8408308
47064.166666666664	3498145098.7022886
47127.916666666664	2661966059.050242
47192.083333333336	3968416124.6760645
47255.833333333336	5233867940.097662
47320.0	9099156536.470232
47384.166666666664	2863347652.3453617
47450.0	5274295246.170762
47514.166666666664	5287659802.651204
47577.916666666664	9111143014.517103
47642.083333333336	3559067856.0475187
47705.833333333336	5005477701.865419
47770.0	4450292224.937497
47834.166666666664	5354864472.877762
47897.916666666664	308446745.9656391
47962.083333333336	7371774392.697893
48025.833333333336	5395469256.354039
48090.0	11333615247.520695
48154.166666666664	7078577563.76302
48217.916666666664	2710495945.7270813
48282.083333333336	4559165771.041852
48345.833333333336	5685764610.941318
48410.0	5477200508.727808
48474.166666666664	1318018594.2157617
48537.916666666664	5504639153.299107
48602.083333333336	5518380025.638565
48665.833333333336	5532156786.642692
48730.0	4046949091.013953
48794.166666666664	5559751640.356552
48857.916666666664	5745073773.961556
48922.083333333336	5850109045.164198
48985.833333333336	12564985762.779144
49050.0	8789480671.824364
49114.166666666664	4054872636.455231
49177.916666666664	2687551087.806816
49242.083333333336	9287924540.231586
49305.833333333336	5671004264.3515
49370.0	5684998960.632129
49434.166666666664	5699028001.347432
49497.916666666664	11178955113.753082
49562.083333333336	5727153857.97476
49625.833333333336	5741214898.981213
49690.0	8177973058.013245
49754.166666666664	9501226909.417526
49817.916666666664	5783635648.021964
49882.083333333336	5797831271.4159565
49945.833333333336	819248475.6525145
50010.0	5224798206.658717
50074.166666666664	10494725953.41377
50137.916666666664	6444649105.5529175
50202.083333333336	11788260265.9859
50265.833333333336	11463993941.111176
50330.0	9686499777.70092
50394.166666666664	11727338765.10646
50457.916666666664	5926420096.815162
50522.083333333336	5907559703.020465
50585.833333333336	5955240301.788091
50650.0	5969717483.589453
50714.166666666664	5984149792.923714
50777.916666666664	12866033610.1717
50842.083333333336	5562406510.969697
50905.833333333336	4017252659.6874194
50970.0	5808471873.125886
51034.166666666664	8739616121.355373
51100.0	12695490678.94093
51164.166666666664	1351057989.2545614
51227.916666666664	3890228676.4349947
51292.083333333336	255542103.4665327
51355.833333333336	10233859227.932842
51420.0	4257284869.7385044
51484.166666666664	6159965482.65942
51547.916666666664	10746468298.206104
51612.083333333336	9667670892.041962
51675.833333333336	11080569249.942421
51740.0	12474751397.580353
51804.166666666664	6081199333.204704
51867.916666666664	8541616480.957131
51932.083333333336	11128647841.338167
51995.833333333336	6278692478.9284725
52060.0	11977416429.024513
52124.166666666664	4199583340.94861
52187.916666666664	6323614024.134357
52252.083333333336	3059748302.054055
52315.833333333336	13304919164.50526
52380.0	10134199780.35543
52444.166666666664	6383730690.600626
52507.916666666664	3234414698.3100634
52572.083333333336	6413954480.162961
52635.833333333336	5568745409.679813
52700.0	8038623211.912378
52764.166666666664	10267852448.805607
52827.916666666664	6474638177.634328
52892.083333333336	1351654974.9862986
52955.833333333336	4776752738.169417
53020.0	6520407359.349053
53084.166666666664	6535700796.6464405
53147.916666666664	4712782258.861041
53212.083333333336	2153686683.920783
53275.833333333336	9270446658.559816
53340.0	6597131084.266966
53404.166666666664	6647139950.211202
53467.916666666664	10975344468.045132
53532.083333333336	8260899554.965902
53595.833333333336	11961751312.259073
53660.0	11342590967.966305
53724.166666666664	3550268804.2912555
53787.916666666664	6705598691.903443
53852.083333333336	9223222307.008884
53915.833333333336	8371807899.530767
53980.0	6752400493.673794
54044.166666666664	3311461199.5785623
54107.916666666664	4239347804.388872
54172.083333333336	7712611406.67128
54235.833333333336	2239145967.000922
54300.0	7025188974.279115
54364.166666666664	10319809348.116823
54427.916666666664	1461557854.8618708
54492.083333333336	8699105432.114798
54555.833333333336	5330336345.624826
54620.0	2518876576.3711367
54684.166666666664	5754984236.0912485
54750.0	1738884470.3466654
54814.166666666664	8691822065.39846
54877.916666666664	9680957795.541283
54942.083333333336	9923672530.231262
55005.833333333336	9700411157.713198
55070.0	7022060411.230253
55134.166666666664	1224654518.7871008
55197.916666666664	7054154020.46482
55262.083333333336	6027018735.466535
55325.833333333336	7086380465.706634
55390.0	4300525470.444891
55454.166666666664	5355222112.055295
55517.916666666664	13555802687.672588
55582.083333333336	10309578912.81703
55645.833333333336	9144176354.109653
55710.0	7183575551.24728
55774.166666666664	13003965696.353275
55837.916666666664	7216158798.238765
55902.083333333336	11868395478.370005
55965.833333333336	7248813135.015511
56030.0	7265223022.443241
56094.166666666664	11243215302.876501
56157.916666666664	4924543287.790016
56222.083333333336	6413680768.720254
56285.833333333336	2634909410.301486
56350.0	6092126523.964076
56414.166666666664	9455462426.468575
56477.916666666664	6703654031.906269
56542.083333333336	7397109060.190007
56605.833333333336	7413725553.773361
56670.0	7430357546.497146
56734.166666666664	2811039646.110256
56797.916666666664	7463606993.248059
56862.083333333336	8964515234.913914
56925.833333333336	5148851438.395575
56990.0	14386327275.71982
57054.166666666664	7530519175.046901
57117.916666666664	7547312693.865682
57182.083333333336	10952846735.3998
57245.833333333336	10255610265.1191
57310.0	3478099393.928121
57374.166666666664	10902968615.23998
57437.916666666664	7631540292.6025095
57502.083333333336	7648473627.132955
57565.833333333336	357284155.9254894
57630.0	13026593862.592703
57694.166666666664	1825101176.3556747
57757.916666666664	2357607076.6360893
57822.083333333336	2268952850.326064
57885.833333333336	7750575568.524966
57950.0	11057291479.127403
58014.166666666664	6490506924.943754
58077.916666666664	4006711955.77451
58142.083333333336	6663020128.847947
58205.833333333336	7836325451.04319
58270.0	2282915000.2938633
58334.166666666664	7870786276.557092
58400.0	11081534396.14861
58464.166666666664	7905887300.963681
58527.916666666664	6123141015.953859
58592.083333333336	1645324368.7930899
58655.833333333336	10689860169.565918
58720.0	12404827606.264414
58784.166666666664	9491777152.45914
58847.916666666664	8010128796.316778
58912.083333333336	2215093710.5338326
58975.833333333336	8045095430.211752
59040.0	836482056.6299429
59104.166666666664	12790463207.616154
59167.916666666664	13023780964.408445
59232.083333333336	11709790070.86171
59295.833333333336	8132902800.20314
59360.0	8150494923.714601
59424.166666666664	3883470157.8927855
59487.916666666664	15023703666.685707
59552.083333333336	8203586292.146729
59615.833333333336	11828348342.03913
59680.0	9373062819.835026
59744.166666666664	10141618537.464888
59807.916666666664	4695043634.162613
59872.083333333336	12074061994.510784
59935.833333333336	819782238.6516161
60000.0	12350985747.163143
60064.166666666664	8346158842.492704
60127.916666666664	8850585202.920095
60192.083333333336	11359929914.827122
60255.833333333336	2574273159.8068323
60320.0	12257808887.181803
60384.166666666664	12389536669.102392
60447.916666666664	8454194090.528822
60512.083333333336	8991366421.436823
60575.833333333336	1222825632.0846138
60640.0	6262758017.172629
60704.166666666664	8526691142.033023
60767.916666666664	10067140911.629585
60832.083333333336	12458538699.160511
60895.833333333336	14622080087.94107
60960.0	11834438153.134874
61024.166666666664	8617882744.213179
61087.916666666664	2319485209.1145086
61152.083333333336	4634521094.742634
61215.833333333336	7686102706.708574
61280.0	8691278480.856585
61344.166666666664	2391035059.5689783
61407.916666666664	10696969903.230612
61472.083333333336	8746575552.77422
61535.833333333336	2069337828.5856066
61600.0	12444464186.028084
61664.166666666664	9632641586.590815
61727.916666666664	8820767920.654016
61792.083333333336	8839366177.643143
61855.833333333336	4927437657.144512
61920.0	8876629643.331741
61984.166666666664	3978232944.523882
62050.0	1940763757.7952013
62114.166666666664	6749126366.195237
62177.916666666664	2153299016.596881
62242.083333333336	3703006326.6958685
62305.833333333336	8989547718.500221
62370.0	15416654274.537304
62434.166666666664	2237934067.133567
62497.916666666664	9690690361.033348
62562.083333333336	9065023179.77234
62625.833333333336	10329191475.69975
62690.0	9363928250.87516
62754.166666666664	9121885589.822958
62817.916666666664	14733733461.610756
62882.083333333336	8463640781.374987
62945.833333333336	9371973241.04626
63010.0	9198063575.704128
63074.166666666664	4970851168.116736
63137.916666666664	9236310870.282803
63202.083333333336	9560429714.562325
63265.833333333336	12923686148.247437
63330.0	9293864299.777779
63394.166666666664	2756874312.7352657
63457.916666666664	8078533075.72209
63522.083333333336	3048033662.7811174
63585.833333333336	11608517180.8433
63650.0	5620924730.277466
63714.166666666664	7199321916.782234
63777.916666666664	4407217442.695445
63842.083333333336	11052456112.048214
63905.833333333336	14170152577.441322
63970.0	7427811768.083861
64034.166666666664	9506898728.705133
64097.916666666664	10196644541.730494
64162.083333333336	10870973500.58053
64225.833333333336	10617782008.29718
64290.0	9255013863.813068
64354.166666666664	3806127776.833351
64417.916666666664	7723380300.946004
64482.083333333336	12705782569.441418
64545.833333333336	3389540968.5088053
64610.0	7813128000.336542
64674.166666666664	12900457290.370613
64737.916666666664	8081742218.178548
64802.083333333336	9742966394.598759
64865.833333333336	9762793475.826818
64930.0	9307546811.69758
64994.166666666664	9802587470.972853
65057.916666666664	14244928864.429157
65122.083333333336	5299442891.799834
65185.833333333336	4259685535.158971
65250.0	9882422086.53967
65314.166666666664	7658491106.014661
65377.916666666664	9538887365.001987
65442.083333333336	13377744738.429659
65505.833333333336	13437800864.140423
65570.0	13304649955.151733
65634.16666666667	5836261822.098471
65700.0	7964030299.472788
65764.16666666667	12071460227.218046
65827.91666666667	15218094118.76824
65892.08333333333	10084482228.237583
65955.83333333333	6875767198.999129
66020.0	13656897680.934437
66084.16666666667	10145493702.992823
66147.91666666667	7992235652.459757
66212.08333333333	17265479334.17352
66275.83333333333	10206688214.55334
66340.0	10227213301.290592
66404.16666666667	10247708267.38655
66467.91666666667	7065106289.804997
66532.08333333333	10288718132.658764
66595.83333333333	17250957690.54093
66660.0	10329942893.149012
66724.16666666667	15545971131.693546
66787.91666666667	10371152618.639013
66852.08333333333	14282165635.978619
66915.83333333333	8420713712.031916
66980.0	17762217584.536522
67044.16666666667	16346751738.212555
67107.91666666667	12221517789.602816
67172.08333333333	8809382148.28289
67235.83333333333	3687198020.9120855
67300.0	17132229761.111828
67364.16666666667	3895664601.6745377
67427.91666666667	10579226417.396578
67492.08333333333	5871515059.624161
67555.83333333333	10621119801.477245
67620.0	10642130318.15636
67684.16666666667	16798191118.98855
67747.91666666667	10684279062.370667
67812.08333333333	4119694385.186553
67875.83333333333	7511090856.766146
67940.0	14076294112.530527
68004.16666666667	10768713869.021435
68067.91666666667	8134163678.278358
68132.08333333333	5383340779.437978
68195.83333333333	3573050211.9556723
68260.0	10527275104.457209
68324.16666666667	10875040778.257399
68387.91666666667	10896431044.97028
68452.08333333333	10917777547.850298
68515.83333333333	5656481254.134308
68580.0	10960593370.20299
68644.16666666667	10982062667.04481
68707.91666666667	15952323996.776463
68772.08333333333	13815283821.957825
68835.83333333333	17790086089.61057
68900.0	10000319419.586044
68964.16666666667	14249261494.291
69027.91666666667	7554560233.400675
69092.08333333333	9530965195.853683
69155.83333333333	5052716855.862329
69220.0	13786470094.472773
69284.16666666667	8849526122.36306
69350.0	7697777879.558903
69414.16666666667	15375240783.788315
69477.91666666667	11264107290.094358
69542.08333333333	4497286775.034738
69605.83333333333	14456470988.660988
69670.0	4691958176.071836
69734.16666666667	11351622979.509762
69797.91666666667	14015500247.90585
69862.08333333333	12899526826.67217
69925.83333333333	7922922341.688976
69990.0	17987976480.873104
70054.16666666667	12520982262.64173
70117.91666666667	13776034990.381836
70182.08333333333	11505852029.868666
70245.83333333333	18755551095.468994
70310.0	10813867450.567595
70374.16666666667	14810941785.973267
70437.91666666667	16100004029.13602
70502.08333333333	16526001860.1568
70565.83333333333	13258090517.665577
70630.0	11661552767.783663
70694.16666666667	13358665603.922907
70757.91666666667	7585144407.367455
70822.08333333333	18461490475.71522
70885.83333333333	10387353904.336863
70950.0	15799258358.038956
71014.16666666667	17508467162.162434
71077.91666666667	16994728412.601168
71142.08333333333	12561742522.508638
71205.83333333333	6974275369.282381
71270.0	6427604116.344896
71334.16666666667	8959658445.420616
71397.91666666667	11460287614.273092
71462.08333333333	11954387248.491362
71525.83333333333	11977001619.4686
71590.0	13689110178.74016
71654.16666666667	12772145323.97781
71717.91666666667	9251435150.176943
71782.08333333333	11684775138.260418
71845.83333333333	8633459461.705023
71910.0	11137551378.878109
71974.16666666667	18963707507.562378
72037.91666666667	7612552485.214076
72102.08333333333	15472850700.280924
72165.83333333333	14060014785.981165
72230.0	14059831878.415792
72294.16666666667	15271295775.400036
72357.91666666667	8110372613.299345
72422.08333333333	14921729896.987434
72485.83333333333	12427660373.87541
72550.0	7828905711.760322
72614.16666666667	5566600526.13303
72677.91666666667	8391833887.559967
72742.08333333333	6602247673.283581
72805.83333333333	13878451927.754738
72870.0	7368442838.351995
72934.16666666667	12484364174.489885
73000.0	15808607281.18998
