t(days)	RNP(psia2/cp-D/Mscf)
0.25	1361579.6320402352
0.33040833333333336	1956511.4924027447
0.4861958333333333	2608864.801773951
0.7977666666666666	3478161.411016568
1.4209083333333332	4695343.309827343
2.667195833333333	6423161.727599926
5.07725	8823611.225507181
9.897375	12257510.860110162
19.198041666666665	17053913.505089376
35.644875	23346507.916668877
66.05958333333334	31892730.98385814
124.99208333333333	43905558.85044351
188.99208333333334	54925219.82224909
252.99208333333334	64572087.22804955
316.99208333333337	73193310.96008419
380.9920833333333	81029511.38735723
444.9916666666666	88246151.82561645
508.9916666666666	94960250.1037196
572.9916666666667	101258347.81375523
636.9916666666667	107205726.35597749
700.9916666666667	112852915.40841524
764.9916666666667	118240033.64701241
828.9916666666667	123399247.01200272
892.9916666666667	128356932.61397581
956.9916666666667	133134715.11106944
1020.9916666666667	137751224.74883613
1084.9916666666666	142221620.88329086
1148.9916666666666	146559511.3371095
1212.9916666666666	150776299.6491076
1276.9916666666666	154882014.1625986
1340.9916666666666	158885436.30802172
1404.9916666666668	162794908.65718612
1468.9916666666668	166616873.85877645
1532.9916666666668	170358081.7113927
1596.9916666666668	174024484.4587303
1660.9916666666668	177620684.920044
1724.9916666666668	181151898.88860813
1788.9916666666668	184622514.39057633
1852.9916666666668	188037042.8047953
1916.9916666666668	191398624.3692269
1980.9916666666668	194711345.23127073
2044.9916666666668	197978065.31873927
2108.991666666667	201211742.1497638
2172.991666666667	204396026.01222086
2236.991666666667	207544703.51001856
2300.991666666667	210659269.27538726
2364.991666666667	213742998.80670202
2428.991666666667	216796576.90959513
2492.991666666667	219823862.7540658
2556.991666666667	222825336.34458113
2620.991666666667	225804125.6869851
2684.991666666667	228761254.94517443
2748.991666666667	231698187.59576446
2812.991666666667	234616843.6766543
2876.991666666667	237519010.22201517
2940.991666666667	240405662.31093115
3004.991666666667	243277464.5013008
3068.991666666667	246137962.7747928
3132.991666666667	248986571.43882632
3196.991666666667	251824186.4712152
3260.991666666667	254653346.55190668
3324.991666666667	257474123.81707197
3388.991666666667	260288190.32230496
3452.991666666667	263095263.82945153
3516.991666666667	265897436.10927528
3580.991666666667	268694764.6189113
3650.0	271705372.18945765
3714.0	274494884.3100728
3778.0	277283602.12009203
3842.0	280069713.6833629
3906.0	282854774.6435953
3970.0	285639665.2366875
4034.0	288424511.00431275
4098.0	291210423.4233365
4162.0	293997733.4407506
4226.0	296785908.07292485
4290.0	299576357.2538301
4354.0	302369668.98874485
4418.0	305165523.374914
4482.0	307964641.9676603
4546.0	310766807.18971515
4610.0	313573941.2485879
4674.0	316384920.3660676
4738.0	319200765.7977119
4802.0	322021495.22140443
4866.0	324847162.104427
4930.0	327677857.4098492
4994.0	330514885.0612758
5058.0	333357283.00328684
5122.0	336206480.25779885
5186.0	339060327.52895206
5250.0	341921580.3480016
5314.0	344790655.7024004
5378.0	347665424.54176015
5442.0	350547599.16987944
5506.0	353436347.3857875
5570.0	356334897.29313457
5634.0	359238392.2972292
5698.0	362150131.0718024
5762.0	365070788.2935507
5826.0	367999646.0533107
5890.0	370934479.3843298
5954.0	373880449.78449535
6018.0	376832388.5205003
6082.0	379794111.82235944
6146.0	382763401.0183122
6210.0	385742709.46892184
6274.0	388728167.0547055
6338.0	391725570.14173484
6402.0	394731047.9447139
6466.0	397743901.4863828
6530.0	400766857.2159577
6594.0	403799320.9293648
6658.0	406840674.9565253
6722.0	409893888.2770246
6786.0	412952960.76070493
6850.0	416022700.89089435
6914.0	419102560.3952134
6978.0	422191969.318306
7042.0	425290335.70223016
7106.0	428399017.1894345
7170.0	431517463.2993539
7234.0	434645102.3892468
7300.0	437882267.2112007
7364.0	441030036.2245989
7428.0	444187347.2013509
7492.0	447357933.14076734
7556.0	450534846.66372013
7620.0	453724022.9539432
7684.0	456922776.4247508
7748.0	460132826.8299062
7812.0	463351387.9400018
7876.0	466582543.2489166
7940.0	469823501.2716356
8004.0	473073726.3737058
8068.0	476332663.6456929
8132.0	479607153.0831864
8196.0	482889389.4954453
8260.0	486181301.1774782
8324.0	489484934.54440796
8388.0	492799847.9522006
8452.0	496125582.96100944
8516.0	499461664.078591
8580.0	502807598.51110023
8644.0	506165628.72217983
8708.0	509532547.25745326
8772.0	512910635.6674675
8836.0	516302307.1107868
8900.0	519704305.7616323
8964.0	523116148.725815
9028.0	526537336.2699547
9092.0	529973387.2651337
9156.0	533417889.27202654
9220.0	536873389.7747666
9284.0	540342578.955218
9348.0	543821938.0881422
9412.0	547310989.6818249
9476.0	550812499.9077023
9540.0	554322782.1915964
9604.0	557847998.2522142
9668.0	561381088.2904247
9732.0	564928353.2492726
9796.0	568486006.0739983
9860.0	572057104.389277
9924.0	575637746.4538482
9988.0	579227444.0617919
10052.0	582829343.1133891
10116.0	586446755.120665
10180.0	590071937.9455806
10244.0	593711917.5575542
10308.0	597358740.4808966
10372.0	601019589.4455041
10436.0	604694153.0511243
10500.0	608378131.0263083
10564.0	612075067.6356385
10628.0	615780539.2607211
10692.0	619502283.0164121
10756.0	623231725.4235784
10820.0	626976775.3358526
10884.0	630728633.8644519
10950.0	634616525.0717988
11014.0	638394963.0927631
11078.0	642183212.8202795
11142.0	645985302.583427
11206.0	649800922.1968096
11270.0	653629750.0818508
11334.0	657466808.5477659
11398.0	661316288.0640403
11462.0	665182584.4392682
11526.0	669055874.5446253
11590.0	672940474.786553
11654.0	676840912.2831342
11718.0	680751971.125579
11782.0	684673232.2865283
11846.0	688609358.6996111
11910.0	692554927.4805757
11974.0	696514694.3198324
12038.0	700488367.6872941
12102.0	704470313.1743633
12166.0	708465429.05734
12230.0	712478844.385619
12294.0	716499376.2993544
12358.0	720532070.5159533
12422.0	724576568.4243668
12486.0	728632499.9561946
12550.0	732705251.7233602
12614.0	736788790.8643633
12678.0	740882713.6157033
12742.0	744992567.5346774
12806.0	749112093.4031283
12870.0	753240852.4219575
12934.0	757390720.2389662
12998.0	761542945.7369541
13062.0	765715749.4644386
13126.0	769896319.5440717
13190.0	774097034.7201585
13254.0	778304787.4594803
13318.0	782519056.3362199
13382.0	786752607.7331833
13446.0	790998601.7831283
13510.0	795263492.1336807
13574.0	799533409.0838422
13638.0	803814712.479204
13702.0	808114045.3108444
13766.0	812424156.1864265
13830.0	816744651.1198105
13894.0	821082368.6317128
13958.0	825429802.1729325
14022.0	829793923.7197276
14086.0	834167053.4220471
14150.0	838556298.7386442
14214.0	842953803.443602
14278.0	847366812.5025461
14342.0	851787290.2731425
14406.0	856230498.3983426
14470.0	860680505.7049489
14534.0	865144840.2949018
14600.0	869761382.3935541
14664.0	874254964.3458767
14728.0	878762028.9340445
14792.0	883273889.705745
14856.0	887806912.882684
14920.0	892352478.8287741
14984.0	896910255.5186585
15048.0	901479901.2447056
15112.0	906069885.3599627
15176.0	910662294.3679515
15240.0	915274489.692724
15304.0	919897270.8838698
15368.0	924530248.089291
15432.0	929182297.6987975
15496.0	933843918.850573
15560.0	938520370.6538167
15624.0	943210437.7212949
15688.0	947913823.622502
15752.0	952630223.1007174
15816.0	957360306.7472645
15880.0	962104775.2314781
15944.0	966862351.0864346
16008.0	971633737.4711822
16072.0	976416595.512315
16136.0	981213669.3994055
16200.0	986023637.1480614
16264.0	990848292.1133729
16328.0	995687370.9186485
16392.0	1000539526.4907321
16456.0	1005405533.847665
16520.0	1010285104.8325447
16584.0	1015179050.2246954
16648.0	1020084861.0479568
16712.0	1025004449.2017521
16776.0	1029937525.0032606
16840.0	1034884941.1825398
16904.0	1039845262.6872795
16968.0	1044820520.6764991
17032.0	1049810459.1614194
17096.0	1054813618.9443741
17160.0	1059830901.1656772
17224.0	1064860807.7317902
17288.0	1069904246.1144958
17352.0	1074963403.3546624
17416.0	1080035538.8754299
17480.0	1085120340.5007014
17544.0	1090220041.8003585
17608.0	1095333096.5937655
17672.0	1100459203.9398234
17736.0	1105601994.8230596
17800.0	1110759936.6553762
17864.0	1115930102.5695693
17928.0	1121114860.5667226
17992.0	1126311218.3057308
18056.0	1131521577.4536808
18120.0	1136745655.9290597
18184.0	1141984565.1119246
18250.0	1147404941.2969117
18314.0	1152674263.8861942
18378.0	1157959069.8523357
18442.0	1163256209.5043695
18506.0	1168566821.2841928
18570.0	1173892088.9018407
18634.0	1179231748.066553
18698.0	1184585527.1137567
18762.0	1189953146.9157217
18826.0	1195335856.0147114
18890.0	1200733401.7678158
18954.0	1206145524.3958514
19018.0	1211570379.6848714
19082.0	1217009242.140864
19146.0	1222463435.445184
19210.0	1227931093.1935768
19274.0	1233413553.2078488
19338.0	1238910554.8613412
19402.0	1244421830.3960402
19466.0	1249948783.547474
19530.0	1255492870.422294
19594.0	1261048765.8346994
19658.0	1266619575.7743
19722.0	1272205041.8748465
19786.0	1277803144.39766
19850.0	1283415334.353845
19914.0	1289043117.1542153
19978.0	1294684451.5539136
20042.0	1300342676.9294183
20106.0	1306013921.5688026
20170.0	1311699725.6570098
20234.0	1317399821.4264634
20298.0	1323115815.0958917
20362.0	1328847473.7878299
20426.0	1334592644.363699
20490.0	1340352961.5376978
20554.0	1346130119.3746
20618.0	1351919981.0060143
20682.0	1357724210.2926645
20746.0	1363542533.885833
20810.0	1369374671.477047
20874.0	1375222367.7842643
20938.0	1381085380.4253027
21002.0	1386963460.526542
21066.0	1392858437.1618433
21130.0	1398767999.1764667
21194.0	1404691878.1218488
21258.0	1410631936.8086393
21322.0	1416583635.0995607
21386.0	1422553152.7137375
21450.0	1428535918.1893687
21514.0	1434531629.0767553
21578.0	1440544435.1397543
21642.0	1446571883.2916212
21706.0	1452613706.5327203
21770.0	1458671917.3662734
21834.0	1464746292.6292598
21900.0	1471027232.8947997
21964.0	1477130140.6413665
22028.0	1483250803.374254
22092.0	1489384264.4254825
22156.0	1495535016.4691732
22220.0	1501698011.7303655
22284.0	1507877808.9022064
22348.0	1514071730.9053333
22412.0	1520281980.577906
22476.0	1526508331.8474085
22540.0	1532748028.425262
22604.0	1539003315.2165334
22668.0	1545276513.3517296
22732.0	1551564848.2672935
22796.0	1557868063.4197662
22860.0	1564185895.967164
22924.0	1570518076.7020974
22988.0	1576864329.985508
23052.0	1583224373.6810756
23116.0	1589603349.0649652
23180.0	1595998355.1987956
23244.0	1602409156.9272044
23308.0	1608835513.1610458
23372.0	1615277176.8116546
23436.0	1621733894.725551
23500.0	1628205407.6196253
23564.0	1634691450.0168555
23628.0	1641194644.2668147
23692.0	1647714781.405823
23756.0	1654248706.642339
23820.0	1660796129.93056
23884.0	1667362728.9232895
23948.0	1673942320.7282968
24012.0	1680540665.4364808
24076.0	1687151474.053721
24140.0	1693777507.5417604
24204.0	1700421616.9024096
24268.0	1707080482.4009745
24332.0	1713753836.6598473
24396.0	1720441406.1638973
24460.0	1727146116.3559756
24524.0	1733867756.2182412
24588.0	1740609364.6558914
24652.0	1747364234.4747403
24716.0	1754135368.4489157
24780.0	1760922533.610417
24844.0	1767722133.8171234
24908.0	1774540613.8822403
24972.0	1781374391.9994764
25036.0	1788223212.2877047
25100.0	1795086812.9898732
25164.0	1801964926.4149287
25228.0	1808860794.494387
25292.0	1815774218.2293003
25356.0	1822701423.862343
25420.0	1829642120.3318539
25484.0	1836603258.899468
25550.0	1843796535.5527773
25614.0	1850788710.377629
25678.0	1857797034.6290512
25742.0	1864825007.702265
25806.0	1871864942.1746178
25870.0	1878924091.461428
25934.0	1885998465.6712399
25998.0	1893087805.7316523
26062.0	1900195726.4216225
26126.0	1907314227.017773
26190.0	1914450819.7054086
26254.0	1921601342.9659007
26318.0	1928773503.2506511
26382.0	1935959131.6008306
26446.0	1943161986.0615635
26510.0	1950381852.0706694
26574.0	1957618509.9249437
26638.0	1964867586.5299323
26702.0	1972141296.324491
26766.0	1979422749.3886387
26830.0	1986724241.7549632
26894.0	1994041348.256834
26958.0	2001373817.2114995
27022.0	2008721391.420433
27086.0	2016088175.3854158
27150.0	2023469597.5094008
27214.0	2030865384.2750797
27278.0	2038279720.3823106
27342.0	2045716915.1796057
27406.0	2053163287.0225756
27470.0	2060627566.5915651
27534.0	2068109551.8318985
27598.0	2075604406.8975472
27662.0	2083116481.7752914
27726.0	2090650255.3940992
27790.0	2098196146.8179688
27854.0	2105758591.1575634
27918.0	2113337355.9102945
27982.0	2120937036.7491615
28046.0	2128547758.9087274
28110.0	2136178976.0997021
28174.0	2143825602.1690476
28238.0	2151487378.9401026
28302.0	2159169051.98552
28366.0	2166865414.653448
28430.0	2174581273.9207
28494.0	2182311341.7356935
28558.0	2190055333.6017003
28622.0	2197818149.462638
28686.0	2205594376.969144
28750.0	2213394242.929687
28814.0	2221207061.5960345
28878.0	2229037860.106977
28942.0	2236886434.0541606
29006.0	2244747160.21535
29070.0	2252630614.880546
29134.0	2260531203.1692877
29200.0	2268692005.4213963
29264.0	2276627890.666813
29328.0	2284580233.8936095
29392.0	2292543149.6748414
29456.0	2300527649.543567
29520.0	2308527877.159329
29584.0	2316543579.0035534
29648.0	2324580302.4288573
29712.0	2332632058.0567093
29776.0	2340698577.377731
29840.0	2348785514.1605124
29904.0	2356886743.5602517
29968.0	2365001981.668559
30032.0	2373136990.2698927
30096.0	2381291599.4239197
30160.0	2389459500.345433
30224.0	2397640388.3949547
30288.0	2405846391.4613657
30352.0	2414064925.63256
30416.0	2422308279.5073814
30480.0	2430570037.695368
30544.0	2438843608.5784235
30608.0	2447141525.1473665
30672.0	2455450751.8977146
30736.0	2463777464.696538
30800.0	2472121443.9236565
30864.0	2480482465.310032
30928.0	2488860299.8944936
30992.0	2497254713.9807196
31056.0	2505658723.2433043
31120.0	2514092321.941172
31184.0	2522535024.3636627
31248.0	2531000206.2554464
31312.0	2539480819.0216036
31376.0	2547976600.3795733
31440.0	2556487283.0166116
31504.0	2565019663.776648
31568.0	2573566490.2762895
31632.0	2582141808.376651
31696.0	2590723982.2850513
31760.0	2599327096.3908877
31824.0	2607950998.3888946
31888.0	2616595532.188272
31952.0	2625245727.5626245
32016.0	2633923489.0166874
32080.0	2642613788.215517
32144.0	2651323856.99282
32208.0	2660045915.296806
32272.0	2668794937.227181
32336.0	2677555481.2655253
32400.0	2686327206.1007466
32464.0	2695125373.8323975
32528.0	2703942082.638136
32592.0	2712769222.4671984
32656.0	2721622348.680114
32720.0	2730493394.0556383
32784.0	2739374079.7415924
32850.0	2748564329.8053417
32914.0	2757481444.9169865
32978.0	2766423715.3015714
33042.0	2775382790.1355233
33106.0	2784358431.168784
33170.0	2793350395.5605373
33234.0	2802358435.841061
33298.0	2811390792.3214264
33362.0	2820430277.965133
33426.0	2829493671.3740325
33490.0	2838580872.0546503
33554.0	2847674350.1731696
33618.0	2856791201.667505
33682.0	2865931314.859494
33746.0	2875085693.2388654
33810.0	2884262986.80135
33874.0	2893454077.785107
33938.0	2902658668.533934
34002.0	2911885566.7481585
34066.0	2921125469.914681
34130.0	2930387292.410144
34194.0	2939661607.2142973
34258.0	2948966780.346217
34322.0	2958274630.15577
34386.0	2967613035.1065516
34450.0	2976962972.06004
34514.0	2986333682.5820036
34578.0	2995725001.509766
34642.0	3005127056.7093196
34706.0	3014559021.176956
34770.0	3024001250.427418
34834.0	3033463266.6602993
34898.0	3042944884.9583344
34962.0	3052435905.33398
35026.0	3061956094.9615784
35090.0	3071485171.6897235
35154.0	3081032945.162416
35218.0	3090609472.911155
35282.0	3100194082.8765798
35346.0	3109807152.026031
35410.0	3119427744.9482884
35474.0	3129076486.775418
35538.0	3138732176.0557346
35602.0	3148415688.4930263
35666.0	3158116270.2546535
35730.0	3167844465.8487945
35794.0	3177578534.437414
35858.0	3187328945.797919
35922.0	3197106431.485598
35986.0	3206899888.166601
36050.0	3216709056.875999
36114.0	3226544859.920425
36178.0	3236384726.118399
36242.0	3246250823.491001
36306.0	3256143082.0075235
36370.0	3266038506.3413596
36434.0	3275959664.919787
36500.0	3286219739.432109
36564.0	3296170680.535798
36628.0	3306146835.2038026
36692.0	3316148113.1493587
36756.0	3326162534.153577
36820.0	3336189786.873307
36884.0	3346241586.1678863
36948.0	3356305724.6862454
37012.0	3366394053.6991625
37076.0	3376506462.5979867
37140.0	3386630514.506292
37204.0	3396778268.2980156
37268.0	3406949603.347463
37332.0	3417144396.01869
37396.0	3427349898.1552067
37460.0	3437578450.495477
37524.0	3447817146.322661
37588.0	3458091317.564527
37652.0	3468362276.2403026
37716.0	3478655421.8693924
37780.0	3488970605.291941
37844.0	3499307674.0788164
37908.0	3509653237.5653195
37972.0	3520033528.154487
38036.0	3530421834.4601226
38100.0	3540831224.4159017
38164.0	3551247977.0907927
38228.0	3561698939.730074
38292.0	3572170463.934837
38356.0	3582662368.807391
38420.0	3593160597.6551776
38484.0	3603678671.912145
38548.0	3614230434.058796
38612.0	3624787699.1421776
38676.0	3635378420.630545
38740.0	3645974077.51118
38804.0	3656602946.0526333
38868.0	3667250616.0467734
38932.0	3677902339.228244
38996.0	3688586881.8080616
39060.0	3699289572.0147486
39124.0	3709995395.2533526
39188.0	3720733614.4210253
39252.0	3731489292.406077
39316.0	3742262191.8224297
39380.0	3753067205.5908933
39444.0	3763873906.944391
39508.0	3774697093.8102646
39572.0	3785551910.044728
39636.0	3796422877.5083375
39700.0	3807325310.5721292
39764.0	3818227883.553489
39828.0	3829161567.72766
39892.0	3840110515.856638
39956.0	3851090386.6994653
40020.0	7128138739.127441
40084.0	2537653598.1112313
40150.0	2369981651.3077526
40214.0	9099577542.804771
40278.0	3781787399.9764404
40342.0	7238523020.788446
40406.0	9429139367.57348
40470.0	143535861.50067282
40534.0	5258185855.595049
40598.0	11048444137.119787
40662.0	3973380628.8782816
40726.0	9529439942.790878
40790.0	7289904107.053625
40854.0	4155837966.322997
40918.0	4018327403.228862
40982.0	7484516091.187708
41046.0	1576273859.4839396
41110.0	8932912138.364237
41174.0	11540116064.626663
41238.0	4327579931.4258795
41302.0	9704662338.218431
41366.0	9328899025.132421
41430.0	10778163949.985613
41494.0	7098525991.575506
41558.0	390842084.27374697
41622.0	1207443139.331833
41685.833333333336	2710064963.038315
41750.0	1541467797.2010784
41814.166666666664	1147566457.595415
41877.916666666664	4189629494.713074
41942.083333333336	9772995464.162716
42005.833333333336	93306981.87890768
42070.0	4224430082.855058
42134.166666666664	8241815534.37316
42197.916666666664	8398231322.840186
42262.083333333336	4259423737.175446
42325.833333333336	8255363350.631983
42390.0	11052623107.443129
42454.166666666664	2246706237.2672806
42517.916666666664	4306329566.237959
42582.083333333336	4318097677.6009655
42645.833333333336	9099817307.84563
42710.0	10249311569.634323
42774.166666666664	4353567087.558338
42837.916666666664	4365431337.420538
42902.083333333336	2774866867.91117
42965.833333333336	4389209990.681311
43030.0	4401123880.89
43094.166666666664	1275411855.9007883
43157.916666666664	10551900437.69878
43222.083333333336	4437024103.338847
43285.833333333336	4214098264.8340893
43350.0	9371420887.791908
43414.166666666664	646541314.8518133
43477.916666666664	4744477827.860131
43542.083333333336	11611510148.416008
43605.833333333336	4688868888.14871
43670.0	4521479723.687185
43734.166666666664	4533637613.896869
43800.0	4546171935.678541
43864.166666666664	10662122095.793694
43927.916666666664	1234106928.6353712
43992.083333333336	10647830504.399078
44055.833333333336	426073371.654016
44120.0	8660621126.866772
44184.166666666664	4619576631.743237
44247.916666666664	4134990072.943516
44312.083333333336	2267593080.9048977
44375.833333333336	4656557652.270731
44440.0	326132277.54882145
44504.166666666664	4681314740.351623
44567.916666666664	4693733085.427775
44632.083333333336	5978636412.557953
44695.833333333336	11895147601.791555
44760.0	5792912551.945038
44824.166666666664	6197709458.678842
44887.916666666664	5426380721.986853
44952.083333333336	3379857525.5189586
45015.833333333336	3951509250.744544
45080.0	2104727194.6100597
45144.166666666664	1964115805.3916059
45207.916666666664	4819017578.025405
45272.083333333336	4831676555.590406
45335.833333333336	1893668833.5787058
45400.0	4857017648.792898
45464.166666666664	7518696695.381418
45527.916666666664	5602027766.073418
45592.083333333336	12235509062.203709
45655.833333333336	10473027098.097927
45720.0	3820590683.113123
45784.166666666664	12326474348.013733
45847.916666666664	4946358192.816922
45912.083333333336	5726110662.273935
45975.833333333336	10660378501.83089
46040.0	6040842347.297934
46104.166666666664	4997862005.724692
46167.916666666664	10888549837.061798
46232.083333333336	3319078017.3518257
46295.833333333336	5036701779.08166
46360.0	6904784215.5748005
46424.166666666664	2907381481.198656
46487.916666666664	9648634341.93745
46552.083333333336	6420671717.966982
46615.833333333336	5101889382.004619
46680.0	11727689978.762999
46744.166666666664	1034842570.9540348
46807.916666666664	2919770391.6001387
46872.083333333336	8866143653.775324
46935.833333333336	5167609825.787867
47000.0	5132534044.833236
47064.166666666664	1975607229.4398766
47127.916666666664	5207307514.975446
47192.083333333336	6459371243.739859
47255.833333333336	7430985357.165976
47320.0	11416885088.575184
47384.166666666664	11810237667.973564
47450.0	5274295246.170762
47514.166666666664	8686287321.296144
47577.916666666664	73835456.91157246
47642.083333333336	4837016600.733914
47705.833333333336	11751912150.367647
47770.0	11311921264.504787
47834.166666666664	5354864472.877762
47897.916666666664	160814255.56551647
47962.083333333336	11732642906.849125
48025.833333333336	2171339423.1570435
48090.0	5409015626.999526
48154.166666666664	5422630190.43096
48217.916666666664	945649296.9902897
48282.083333333336	10512986363.745844
48345.833333333336	8025711478.675938
48410.0	810745290.8647537
48474.166666666664	10722913618.930927
48537.916666666664	3409391296.92159
48602.083333333336	6521479835.434697
48665.833333333336	5359196072.455524
48730.0	9085244353.08007
48794.166666666664	7650982475.0767975
48857.916666666664	5700505873.039597
48922.083333333336	5587421893.762661
48985.833333333336	5601309995.029078
49050.0	2677798493.1648407
49114.166666666664	5629124116.0064745
49177.916666666664	7503429025.335059
49242.083333333336	5657009529.750284
49305.833333333336	5366544815.949099
49370.0	8792639952.7747
49434.166666666664	5037412838.524815
49497.916666666664	10965253782.979465
49562.083333333336	5727153857.97476
49625.833333333336	3971172956.3072224
49690.0	5755345153.94253
49754.166666666664	5769473603.308122
49817.916666666664	4920716694.197593
49882.083333333336	10422664011.09697
49945.833333333336	4625866176.02692
50010.0	10379151648.423727
50074.166666666664	5840472817.229964
50137.916666666664	5854765008.706666
50202.083333333336	2293420260.6711287
50265.833333333336	4194046507.1564713
50330.0	8551187675.198084
50394.166666666664	6094352797.218117
50457.916666666664	13417696899.75534
50522.083333333336	5578630133.053079
50585.833333333336	7312093609.746661
50650.0	4098324675.6429033
50714.166666666664	5984149792.923714
50777.916666666664	8283125099.40241
50842.083333333336	9084088972.73652
50905.833333333336	6027673278.179623
50970.0	7583757428.289595
51034.166666666664	1828921709.416132
51100.0	3384756647.807222
51164.166666666664	6086526573.261875
51227.916666666664	601509200.4741831
51292.083333333336	3647936448.775906
51355.833333333336	8008731881.746128
51420.0	1248448179.3489962
51484.166666666664	3686658695.361539
51547.916666666664	6174759927.577501
51612.083333333336	13457147884.599697
51675.833333333336	12029351800.468079
51740.0	2387651733.519733
51804.166666666664	12239615802.333187
51867.916666666664	6248887891.901641
51932.083333333336	8780143956.134615
51995.833333333336	6278692478.9284725
52060.0	13111378191.155182
52124.166666666664	215215358.80035305
52187.916666666664	6709232992.49106
52252.083333333336	6338601544.943448
52315.833333333336	12634109983.714256
52380.0	11073150910.712187
52444.166666666664	6383730690.600626
52507.916666666664	9202764387.768671
52572.083333333336	5232984280.455964
52635.833333333336	6960015953.056528
52700.0	8021281237.49547
52764.166666666664	508970375.7518854
52827.916666666664	6474638177.634328
52892.083333333336	7268218790.05493
52955.833333333336	6505139859.538596
53020.0	13784499746.902317
53084.166666666664	6192466722.114833
53147.916666666664	5156397458.257527
53212.083333333336	6146860264.088407
53275.833333333336	806627499.910037
53340.0	12804333599.249653
53404.166666666664	614774765.8382435
53467.916666666664	8070111118.995175
53532.083333333336	7773380993.597603
53595.833333333336	8488687967.292444
53660.0	1405221754.8967257
53724.166666666664	6690029722.061621
53787.916666666664	5026249698.726003
53852.083333333336	10899339588.651897
53915.833333333336	2572520555.478392
53980.0	13064560561.60249
54044.166666666664	9604972190.164495
54107.916666666664	13384686433.69008
54172.083333333336	4768520119.7729025
54235.833333333336	4654379461.359793
54300.0	2310094800.8398933
54364.166666666664	5187708434.829449
54427.916666666664	682748541.3514318
54492.083333333336	6878256336.146969
54555.833333333336	4500511163.882837
54620.0	9373380318.655104
54684.166666666664	13848034419.281498
54750.0	2755291538.974067
54814.166666666664	1340686912.3604736
54877.916666666664	6488425295.990978
54942.083333333336	6990047503.0721655
55005.833333333336	941897994.2283831
55070.0	7022060411.230253
55134.166666666664	7038097240.893597
55197.916666666664	7054154020.46482
55262.083333333336	3542757475.1229773
55325.833333333336	8105918580.306095
55390.0	7102495954.181585
55454.166666666664	7118630459.030041
55517.916666666664	13380740333.587223
55582.083333333336	3553224743.963134
55645.833333333336	12545250485.08746
55710.0	7183575551.24728
55774.166666666664	7199858159.485453
55837.916666666664	10200078610.063461
55902.083333333336	2367488730.316777
55965.833333333336	10132877887.176126
56030.0	7265223022.443241
56094.166666666664	7719516104.49281
56157.916666666664	13390888942.421867
56222.083333333336	9473448698.526825
56285.833333333336	7330977084.960272
56350.0	10553092357.065416
56414.166666666664	9365656321.32512
56477.916666666664	6988780282.576036
56542.083333333336	7397109060.190007
56605.833333333336	3996293896.7114544
56670.0	4841380543.353928
56734.166666666664	2035303177.3460531
56797.916666666664	4421360405.154556
56862.083333333336	3354592469.4390116
56925.833333333336	13508552002.303457
56990.0	10677199231.96012
57054.166666666664	7530519175.046901
57117.916666666664	7547312693.865682
57182.083333333336	7564119804.325766
57245.833333333336	665217206.4309435
57310.0	4256697758.1418743
57374.166666666664	7614681771.534613
57437.916666666664	13399346930.053717
57502.083333333336	13199513607.032623
57565.833333333336	623120809.5557528
57630.0	14596516330.478352
57694.166666666664	7699409035.846148
57757.916666666664	7466363202.014801
57822.083333333336	11577690383.78865
57885.833333333336	7750575568.524966
57950.0	8528455040.079903
58014.166666666664	7784805607.923234
58077.916666666664	13356097865.067465
58142.083333333336	3296192129.454748
58205.833333333336	13459661595.015812
58270.0	4522019942.219234
58334.166666666664	9475734174.877527
58400.0	10268252181.178228
58464.166666666664	6048623552.138126
58527.916666666664	3414605433.795205
58592.083333333336	541774294.1729212
58655.833333333336	15417422860.690357
58720.0	1081127941.0687914
58784.166666666664	9561910266.95422
58847.916666666664	8010128796.316778
58912.083333333336	1751615146.8218136
58975.833333333336	8045095430.211752
59040.0	12797064476.542952
59104.166666666664	6156266045.90972
59167.916666666664	8097663570.780156
59232.083333333336	2180705927.155265
59295.833333333336	3863189111.0356255
59360.0	6130040682.46977
59424.166666666664	5824907238.760563
59487.916666666664	9310155825.229542
59552.083333333336	8203586292.146729
59615.833333333336	4304438641.213505
59680.0	6521751187.670717
59744.166666666664	3031078670.366171
59807.916666666664	5865216051.853262
59872.083333333336	6283818837.301342
59935.833333333336	8310387035.1814995
60000.0	3006009951.3418064
60064.166666666664	6128910828.508627
60127.916666666664	15517776917.414635
60192.083333333336	4135408515.1012707
60255.833333333336	8650704916.755646
60320.0	8418101329.100719
60384.166666666664	5002569342.0278225
60447.916666666664	4377876629.468542
60512.083333333336	5788590116.595068
60575.833333333336	5226345505.496542
60640.0	3992748020.0244904
60704.166666666664	8526691142.033023
60767.916666666664	1554461833.2229958
60832.083333333336	8563092778.750416
60895.833333333336	8581331275.762028
60960.0	4538938112.603312
61024.166666666664	10011230399.97167
61087.916666666664	8636195355.201931
61152.083333333336	5303947424.92939
61215.833333333336	8672893411.1512
61280.0	15604777072.416922
61344.166666666664	8709741662.633675
61407.916666666664	8728119746.830656
61472.083333333336	10173324365.643026
61535.833333333336	4751547957.104038
61600.0	10595739899.869951
61664.166666666664	6033561964.26601
61727.916666666664	16200165963.19374
61792.083333333336	15820424572.514816
61855.833333333336	3331092640.147725
61920.0	5962351084.549672
61984.166666666664	8895294422.564194
62050.0	2825365882.6728935
62114.166666666664	11220685921.389343
62177.916666666664	7739708990.634243
62242.083333333336	8970745121.294352
62305.833333333336	2892878308.3099756
62370.0	7463819288.197198
62434.166666666664	9027215247.907803
62497.916666666664	9046167635.508747
62562.083333333336	8647082097.319891
62625.833333333336	13585270050.268433
62690.0	3302777610.360173
62754.166666666664	9121885589.822958
62817.916666666664	11903489500.714592
62882.083333333336	12933789583.067566
62945.833333333336	6183118527.893281
63010.0	7454429390.069475
63074.166666666664	12639487322.32983
63137.916666666664	11324093251.858719
63202.083333333336	6962694234.458302
63265.833333333336	9274600293.416443
63330.0	3391934617.6855145
63394.166666666664	5544062822.274044
63457.916666666664	15248870610.084631
63522.083333333336	9351669629.268368
63585.833333333336	5703006487.764793
63650.0	9138248089.42272
63714.166666666664	12671318339.573664
63777.916666666664	13133971612.646667
63842.083333333336	16868132998.879383
63905.833333333336	9467923345.310747
63970.0	16659478264.307564
64034.166666666664	2086518823.457368
64097.916666666664	6278716193.555572
64162.083333333336	9546000500.985132
64225.833333333336	12263758226.642818
64290.0	9585227811.817528
64354.166666666664	3344787638.9102087
64417.916666666664	13834838625.649265
64482.083333333336	9644127340.255808
64545.833333333336	7438470127.009245
64610.0	4130309294.8272715
64674.166666666664	14673293250.935558
64737.916666666664	9723118103.259993
64802.083333333336	9742966394.598759
64865.833333333336	5917042160.131248
64930.0	10345993210.28958
64994.166666666664	5331960667.377661
65057.916666666664	14428201612.437643
65122.083333333336	9842499020.125492
65185.833333333336	9862420151.365362
65250.0	13857907039.788002
65314.166666666664	7316681666.657251
65377.916666666664	9922458765.675303
65442.083333333336	12001434265.036278
65505.833333333336	3668497864.4160814
65570.0	9982804514.041044
65634.16666666667	10002975697.470459
65700.0	11434603449.94044
65764.16666666667	10929958530.53953
65827.91666666667	5924199567.48452
65892.08333333333	5266962296.836203
65955.83333333333	15943581503.873371
66020.0	5578803118.233696
66084.16666666667	6909639226.7092
66147.91666666667	3737247839.168869
66212.08333333333	6659460886.313765
66275.83333333333	17702798697.864944
66340.0	10227213301.290592
66404.16666666667	2874020511.6951857
66467.91666666667	10268172253.048319
66532.08333333333	9817586291.450285
66595.83333333333	15812653480.619411
66660.0	13466674856.70489
66724.16666666667	6181614759.131958
66787.91666666667	12732514391.318195
66852.08333333333	10391881027.736115
66915.83333333333	15643403126.933784
66980.0	8111072165.278124
67044.16666666667	10454096676.78397
67107.91666666667	10474922508.092813
67172.08333333333	5889958410.350826
67235.83333333333	16252436734.241129
67300.0	11908845442.181297
67364.16666666667	12016273452.678364
67427.91666666667	10579226417.396578
67492.08333333333	12223005875.017746
67555.83333333333	10621119801.477245
67620.0	3268125636.126479
67684.16666666667	4197979597.6529226
67747.91666666667	3240469354.9152145
67812.08333333333	10705294173.365461
67875.83333333333	10691766691.15888
67940.0	8585456922.996921
68004.16666666667	5058664162.869399
68067.91666666667	3717727859.400337
68132.08333333333	15126656847.258179
68195.83333333333	10020505741.81942
68260.0	10853734327.444593
68324.16666666667	14510244554.009491
68387.91666666667	4423206790.554267
68452.08333333333	14558278777.378279
68515.83333333333	6356977043.520869
68580.0	12235362459.408945
68644.16666666667	6770586499.48452
68707.91666666667	6239214174.992496
68772.08333333333	17192798675.553123
68835.83333333333	11046584826.995758
68900.0	9786952705.311981
68964.16666666667	4263617728.180992
69027.91666666667	4530648819.431063
69092.08333333333	7742168774.671873
69155.83333333333	4933193250.716803
69220.0	11176319917.91011
69284.16666666667	3780211398.516528
69350.0	11220515333.398191
69414.16666666667	15312284171.48012
69477.91666666667	3962428470.382745
69542.08333333333	7617926674.460228
69605.83333333333	7224458576.424181
69670.0	11329651293.949219
69734.16666666667	4485918765.526616
69797.91666666667	4952811981.4056835
69862.08333333333	11628750043.245214
69925.83333333333	11417492054.763496
69990.0	12666509004.759314
70054.16666666667	11154527944.444355
70117.91666666667	4591567049.437368
70182.08333333333	12598273288.3447
70245.83333333333	11527941943.221523
70310.0	14983909145.86876
70374.16666666667	5712370770.701228
70437.91666666667	9590072614.335274
70502.08333333333	8629742569.388887
70565.83333333333	15174668944.367714
70630.0	11661552767.783663
70694.16666666667	14083695848.513502
70757.91666666667	18482758708.52777
70822.08333333333	11033774262.620838
70885.83333333333	16329464072.014503
70950.0	8600030640.943703
71014.16666666667	10312545864.055264
71077.91666666667	11818522963.390602
71142.08333333333	11841228337.159298
71205.83333333333	11863718655.993658
71270.0	6924645147.7426195
71334.16666666667	19066942524.820263
71397.91666666667	15266405699.062641
71462.08333333333	11954387248.491362
71525.83333333333	13933141359.902376
71590.0	11999856429.866894
71654.16666666667	9744052420.850208
71717.91666666667	12045361023.529709
71782.08333333333	17584750718.456253
71845.83333333333	18294259387.545856
71910.0	9564345431.162949
71974.16666666667	12413090198.101776
72037.91666666667	12159931861.873142
72102.08333333333	17592663593.741592
72165.83333333333	13566729387.395008
72230.0	14293406092.272936
72294.16666666667	13496307593.85795
72357.91666666667	12275245846.608984
72422.08333333333	12298279065.55554
72485.83333333333	14262760468.202477
72550.0	7765289626.701832
72614.16666666667	12367900291.61136
72677.91666666667	5053685025.632774
72742.08333333333	5566333656.997402
72805.83333333333	16261041546.423489
72870.0	5054458545.763122
72934.16666666667	9330688072.386557
73000.0	12508525836.22131
