t(days)	RNP(psia2/cp-D/Mscf)
0.25	170609444.2712359
0.33040833333333336	75197042.46035545
0.4861958333333333	2608864.801773951
0.7977666666666666	18687111.12731266
1.4209083333333332	222860743.76441133
2.667195833333333	6423161.727599926
5.07725	103920709.5175242
9.897375	12257510.860110162
19.198041666666665	183356574.20221823
35.644875	179852895.08661604
66.05958333333334	31892730.98385814
124.99208333333333	282476556.6231168
188.99208333333334	6467802.809064075
252.99208333333334	64572087.22804955
316.99208333333337	73193310.96008419
380.9920833333333	81029511.38735723
444.9916666666666	88246151.82561645
508.9916666666666	117338307.88923639
572.9916666666667	238294929.5535494
636.9916666666667	292956859.50783676
700.9916666666667	112852915.40841524
764.9916666666667	118240033.64701241
828.9916666666667	361723087.35956323
892.9916666666667	128356932.61397581
956.9916666666667	133134715.11106944
1020.9916666666667	259414377.2806663
1084.9916666666666	142221620.88329086
1148.9916666666666	18948059.917964637
1212.9916666666666	298427300.3390993
1276.9916666666666	154882014.1625986
1340.9916666666666	158885436.30802172
1404.9916666666668	421555985.48274124
1468.9916666666668	166616873.85877645
1532.9916666666668	368950497.67353535
1596.9916666666668	333670605.29136
1660.9916666666668	177620684.920044
1724.9916666666668	293562256.7379464
1788.9916666666668	421374377.9372746
1852.9916666666668	188037042.8047953
1916.9916666666668	191398624.3692269
1980.9916666666668	308615019.39668334
2044.9916666666668	197978065.31873927
2108.991666666667	201211742.1497638
2172.991666666667	178623356.60788012
2236.991666666667	207544703.51001856
2300.991666666667	210659269.27538726
2364.991666666667	213742998.80670202
2428.991666666667	216796576.90959513
2492.991666666667	219823862.7540658
2556.991666666667	222825336.34458113
2620.991666666667	67003625.52126962
2684.991666666667	228761254.94517443
2748.991666666667	77398756.70465544
2812.991666666667	234616843.6766543
2876.991666666667	261566348.96349537
2940.991666666667	240405662.31093115
3004.991666666667	243277464.5013008
3068.991666666667	12415661.412341952
3132.991666666667	248986571.43882632
3196.991666666667	84056580.88611427
3260.991666666667	254653346.55190668
3324.991666666667	257474123.81707197
3388.991666666667	93319517.25650135
3452.991666666667	163084031.22073185
3516.991666666667	188449044.64874387
3580.991666666667	498055245.6823765
3650.0	271705372.18945765
3714.0	50539048.88194126
3778.0	231983107.3237994
3842.0	280069713.6833629
3906.0	130916757.89452747
3970.0	114533697.41254956
4034.0	1573368041.5906787
4098.0	2306875187.414473
4162.0	2025133867.955321
4226.0	296785908.07292485
4290.0	299576357.2538301
4354.0	302369668.98874485
4418.0	3049241157.367358
4482.0	2646138290.2585588
4546.0	428107859.8696284
4610.0	1569012118.8446553
4674.0	600194488.7510803
4738.0	319200765.7977119
4802.0	885120134.3516631
4866.0	324847162.104427
4930.0	1594999224.7109702
4994.0	330514885.0612758
5058.0	333357283.00328684
5122.0	2483929099.9495707
5186.0	3102548466.3102407
5250.0	649024114.595142
5314.0	344790655.7024004
5378.0	347665424.54176015
5442.0	350547599.16987944
5506.0	353436347.3857875
5570.0	356334897.29313457
5634.0	127855317.4851932
5698.0	541535588.5295455
5762.0	365070788.2935507
5826.0	72562339.10290754
5890.0	1920732933.6479783
5954.0	999197783.5736201
6018.0	376832388.5205003
6082.0	379794111.82235944
6146.0	382763401.0183122
6210.0	2334531444.698786
6274.0	2846335737.5521817
6338.0	288034699.7708372
6402.0	774312783.79129
6466.0	1065646426.0347278
6530.0	400766857.2159577
6594.0	201592150.8617421
6658.0	361191285.6803853
6722.0	2778269043.723321
6786.0	412952960.76070493
6850.0	416022700.89089435
6914.0	1915443727.4227219
6978.0	422191969.318306
7042.0	2206594817.3033404
7106.0	428399017.1894345
7170.0	1506016405.1726508
7234.0	434645102.3892468
7300.0	437882267.2112007
7364.0	441030036.2245989
7428.0	3147869881.278488
7492.0	2255985011.2061996
7556.0	722946763.4172454
7620.0	453724022.9539432
7684.0	2330833112.2205625
7748.0	2297272024.6337934
7812.0	2220798609.9362698
7876.0	466582543.2489166
7940.0	3526080026.7482686
8004.0	473073726.3737058
8068.0	2663470543.712297
8132.0	2140058729.2013545
8196.0	482889389.4954453
8260.0	230913117.4193623
8324.0	1991197552.7974033
8388.0	492799847.9522006
8452.0	3514429922.361686
8516.0	499461664.078591
8580.0	3416984635.3566623
8644.0	1638764670.194336
8708.0	2275513900.6431174
8772.0	2089931150.7039251
8836.0	2150539042.498149
8900.0	2976592466.103171
8964.0	523116148.725815
9028.0	3293739733.4070816
9092.0	3473872182.4669285
9156.0	1183773249.6389222
9220.0	536873389.7747666
9284.0	540342578.955218
9348.0	543821938.0881422
9412.0	547310989.6818249
9476.0	550812499.9077023
9540.0	554322782.1915964
9604.0	2760622098.442483
9668.0	1993368641.9486876
9732.0	564928353.2492726
9796.0	524541124.762328
9860.0	3087571631.254427
9924.0	575637746.4538482
9988.0	3264961556.2363615
10052.0	351336089.7236155
10116.0	2966035951.122751
10180.0	590071937.9455806
10244.0	593711917.5575542
10308.0	2504891150.6216173
10372.0	2804472228.409492
10436.0	604694153.0511243
10500.0	608378131.0263083
10564.0	612075067.6356385
10628.0	615780539.2607211
10692.0	619502283.0164121
10756.0	623231725.4235784
10820.0	626976775.3358526
10884.0	3124322830.236197
10950.0	634616525.0717988
11014.0	638394963.0927631
11078.0	1394124501.234686
11142.0	2292478042.7250547
11206.0	1696759152.4008768
11270.0	637442788.9409635
11334.0	1348314883.5699549
11398.0	661316288.0640403
11462.0	665182584.4392682
11526.0	1772941919.6029696
11590.0	672940474.786553
11654.0	1005749706.1347616
11718.0	680751971.125579
11782.0	195272539.37276518
11846.0	750756434.2403083
11910.0	692554927.4805757
11974.0	15086883.928879261
12038.0	3791285129.037289
12102.0	704470313.1743633
12166.0	708465429.05734
12230.0	3154906632.4464846
12294.0	716499376.2993544
12358.0	428112779.95615864
12422.0	1215870290.06819
12486.0	3787129833.1350584
12550.0	1865628011.6361313
12614.0	736788790.8643633
12678.0	740882713.6157033
12742.0	1211854083.059929
12806.0	2875734357.6079526
12870.0	1813944575.8717372
12934.0	757390720.2389662
12998.0	761542945.7369541
13062.0	765715749.4644386
13126.0	364000246.45076156
13190.0	774097034.7201585
13254.0	778304787.4594803
13318.0	782519056.3362199
13382.0	786752607.7331833
13446.0	790998601.7831283
13510.0	795263492.1336807
13574.0	799533409.0838422
13638.0	1610949476.5708027
13702.0	808114045.3108444
13766.0	812424156.1864265
13830.0	816744651.1198105
13894.0	326868512.66244054
13958.0	234081598.58054364
14022.0	2794368587.8971267
14086.0	291189034.64497805
14150.0	838556298.7386442
14214.0	842953803.443602
14278.0	1798728557.9946618
14342.0	1578661614.0866876
14406.0	856230498.3983426
14470.0	1013485576.8677306
14534.0	3075682783.493232
14600.0	869761382.3935541
14664.0	777779209.1406809
14728.0	1394087324.6462133
14792.0	2562256698.7010446
14856.0	1934597383.7777877
14920.0	892352478.8287741
14984.0	485440880.5380016
15048.0	901479901.2447056
15112.0	962080648.467569
15176.0	910662294.3679515
15240.0	915274489.692724
15304.0	919897270.8838698
15368.0	1282716018.8290186
15432.0	714166966.2605125
15496.0	1160589470.9697003
15560.0	1767505984.0772433
15624.0	3054756267.281303
15688.0	357457616.68540025
15752.0	952630223.1007174
15816.0	1644450258.0008028
15880.0	2185557745.8920445
15944.0	606438219.2003648
16008.0	971633737.4711822
16072.0	4041765843.1109896
16136.0	981213669.3994055
16200.0	986023637.1480614
16264.0	930253714.7243718
16328.0	1559856955.9189315
16392.0	1000539526.4907321
16456.0	1005405533.847665
16520.0	1010285104.8325447
16584.0	1015179050.2246954
16648.0	1020084861.0479568
16712.0	1025004449.2017521
16776.0	1029937525.0032606
16840.0	2220376812.339558
16904.0	1039845262.6872795
16968.0	1044820520.6764991
17032.0	1478262085.3829536
17096.0	1054813618.9443741
17160.0	365042364.71052325
17224.0	1550122237.3326812
17288.0	1069904246.1144958
17352.0	1074963403.3546624
17416.0	477927499.80370164
17480.0	1085120340.5007014
17544.0	1104204908.9539223
17608.0	1095333096.5937655
17672.0	2375137796.056636
17736.0	1105601994.8230596
17800.0	1110759936.6553762
17864.0	1115930102.5695693
17928.0	1121114860.5667226
17992.0	423526214.3825637
18056.0	2929535233.1984577
18120.0	1136745655.9290597
18184.0	3119691661.095768
18250.0	1147404941.2969117
18314.0	1152674263.8861942
18378.0	4175583466.1020384
18442.0	3200104483.2600374
18506.0	1168566821.2841928
18570.0	1173892088.9018407
18634.0	1179231748.066553
18698.0	1184585527.1137567
18762.0	1189953146.9157217
18826.0	4254229500.2394576
18890.0	2794986969.5941
18954.0	1206145524.3958514
19018.0	3557938467.887581
19082.0	1010234057.4331305
19146.0	1222463435.445184
19210.0	2916317605.551557
19274.0	415010797.15924466
19338.0	1238910554.8613412
19402.0	1244421830.3960402
19466.0	1249948783.547474
19530.0	1886122738.1187325
19594.0	1835826884.9839578
19658.0	1266619575.7743
19722.0	1272205041.8748465
19786.0	1277803144.39766
19850.0	1283415334.353845
19914.0	1289043117.1542153
19978.0	1294684451.5539136
20042.0	1300342676.9294183
20106.0	1602962399.2680397
20170.0	3677983796.0205803
20234.0	2567165072.1112165
20298.0	359809683.99751115
20362.0	2978323840.454398
20426.0	1334592644.363699
20490.0	1340352961.5376978
20554.0	1346130119.3746
20618.0	2129417420.4713807
20682.0	1357724210.2926645
20746.0	1363542533.885833
20810.0	1369374671.477047
20874.0	556880903.7721795
20938.0	536960034.2212065
21002.0	1386963460.526542
21066.0	1392858437.1618433
21130.0	1398767999.1764667
21194.0	1404691878.1218488
21258.0	1617861428.090427
21322.0	2977029753.9794664
21386.0	4477781247.407175
21450.0	1428535918.1893687
21514.0	1434531629.0767553
21578.0	1682144559.7394319
21642.0	1446571883.2916212
21706.0	218672524.16484284
21770.0	1458671917.3662734
21834.0	1464746292.6292598
21900.0	1471027232.8947997
21964.0	3117040203.989747
22028.0	1483250803.374254
22092.0	1733042491.0767963
22156.0	3872498801.3762693
22220.0	1501698011.7303655
22284.0	1435077289.6932378
22348.0	421719493.03690004
22412.0	2142988949.5382168
22476.0	1526508331.8474085
22540.0	1532748028.425262
22604.0	1539003315.2165334
22668.0	1545276513.3517296
22732.0	3775007681.282657
22796.0	1557868063.4197662
22860.0	1564185895.967164
22924.0	1570518076.7020974
22988.0	1576864329.985508
23052.0	1583224373.6810756
23116.0	1589603349.0649652
23180.0	1595998355.1987956
23244.0	101617666.83980346
23308.0	1608835513.1610458
23372.0	4441669494.554167
23436.0	1621733894.725551
23500.0	1628205407.6196253
23564.0	4563685288.192342
23628.0	2190998700.8819203
23692.0	2168787328.1756015
23756.0	861229566.1955811
23820.0	1845331760.9760737
23884.0	1667362728.9232895
23948.0	562966069.9201691
24012.0	2698545457.445285
24076.0	140135110.95251584
24140.0	1494514768.9695885
24204.0	4269126439.876728
24268.0	1707080482.4009745
24332.0	1713753836.6598473
24396.0	1720441406.1638973
24460.0	1727146116.3559756
24524.0	3794697998.9261723
24588.0	741120053.1753898
24652.0	2529390859.6879473
24716.0	173847134.52849817
24780.0	1760922533.610417
24844.0	1767722133.8171234
24908.0	1774540613.8822403
24972.0	1781374391.9994764
25036.0	1788223212.2877047
25100.0	1795086812.9898732
25164.0	1801964926.4149287
25228.0	403770551.0448663
25292.0	116835912.16600537
25356.0	4078256961.366934
25420.0	1829642120.3318539
25484.0	3673976265.627215
25550.0	682569012.8939192
25614.0	4921067141.419815
25678.0	1857797034.6290512
25742.0	1864825007.702265
25806.0	1871864942.1746178
25870.0	4331691969.875445
25934.0	501679261.99329424
25998.0	2845573751.2058735
26062.0	1762892851.722259
26126.0	3208944917.312117
26190.0	1914450819.7054086
26254.0	2147231795.2511435
26318.0	1928773503.2506511
26382.0	4613135235.745394
26446.0	1446777751.822806
26510.0	1950381852.0706694
26574.0	77460331.9912448
26638.0	4028102851.647745
26702.0	4725827244.595075
26766.0	1979422749.3886387
26830.0	1986724241.7549632
26894.0	1994041348.256834
26958.0	2696891124.138996
27022.0	402112002.068717
27086.0	4035354241.3553653
27150.0	2023469597.5094008
27214.0	818636167.9450681
27278.0	2265327296.720114
27342.0	4142082.956606388
27406.0	2053163287.0225756
27470.0	2060627566.5915651
27534.0	2068109551.8318985
27598.0	2075604406.8975472
27662.0	2083116481.7752914
27726.0	2090650255.3940992
27790.0	2098196146.8179688
27854.0	2105758591.1575634
27918.0	4497158400.217884
27982.0	4705799712.066518
28046.0	2611680112.423072
28110.0	2136178976.0997021
28174.0	2143825602.1690476
28238.0	770919223.3266847
28302.0	2159169051.98552
28366.0	2166865414.653448
28430.0	2174581273.9207
28494.0	2182311341.7356935
28558.0	3258978782.265571
28622.0	2197818149.462638
28686.0	5249158459.472748
28750.0	2213394242.929687
28814.0	2221207061.5960345
28878.0	2229037860.106977
28942.0	2873950138.7356405
29006.0	2244747160.21535
29070.0	2252630614.880546
29134.0	5283369506.571983
29200.0	2268692005.4213963
29264.0	2942977633.126609
29328.0	2284580233.8936095
29392.0	2299614045.8914914
29456.0	2300527649.543567
29520.0	2308527877.159329
29584.0	1508427012.183937
29648.0	2324580302.4288573
29712.0	494357751.27832437
29776.0	2340698577.377731
29840.0	3581054492.8155537
29904.0	349646252.1430521
29968.0	265278405.62762523
30032.0	375189253.6277015
30096.0	5014420727.400406
30160.0	2389459500.345433
30224.0	2308914273.451784
30288.0	57924853.78363657
30352.0	2414064925.63256
30416.0	2518355850.768667
30480.0	405767443.27150583
30544.0	2438843608.5784235
30608.0	3953924735.016511
30672.0	119142754.52030134
30736.0	2126999303.131676
30800.0	3460321257.4337273
30864.0	1438765092.5598903
30928.0	2488860299.8944936
30992.0	3004521245.6520376
31056.0	2099662076.3705564
31120.0	4046285006.0629783
31184.0	2522535024.3636627
31248.0	2531000206.2554464
31312.0	4439943756.259324
31376.0	2239986406.3119993
31440.0	2556487283.0166116
31504.0	2565019663.776648
31568.0	4717373058.031393
31632.0	5630069224.352426
31696.0	2590723982.2850513
31760.0	361167045.3842988
31824.0	2607950998.3888946
31888.0	2616595532.188272
31952.0	1308486080.456364
32016.0	88109844.28154087
32080.0	2642613788.215517
32144.0	2597300680.5362763
32208.0	2660045915.296806
32272.0	2668794937.227181
32336.0	2677555481.2655253
32400.0	2686327206.1007466
32464.0	4799089862.604599
32528.0	2651870291.5503573
32592.0	523650914.6395645
32656.0	2721622348.680114
32720.0	1096476578.250678
32784.0	2739374079.7415924
32850.0	2748564329.8053417
32914.0	2757481444.9169865
32978.0	1352115389.890839
33042.0	3608110901.250697
33106.0	2784358431.168784
33170.0	5693750376.637306
33234.0	2802358435.841061
33298.0	2811390792.3214264
33362.0	5727606351.912432
33426.0	2829493671.3740325
33490.0	2838580872.0546503
33554.0	3215676844.6474857
33618.0	4518667478.647247
33682.0	2865931314.859494
33746.0	3198526899.6926823
33810.0	2817947613.2445707
33874.0	2893454077.785107
33938.0	2902658668.533934
34002.0	1747253880.786965
34066.0	2921125469.914681
34130.0	2855584992.3928494
34194.0	2939661607.2142973
34258.0	2948966780.346217
34322.0	4422384578.729243
34386.0	1565869516.5240328
34450.0	2976962972.06004
34514.0	1362617838.4493692
34578.0	5952463209.710396
34642.0	3005127056.7093196
34706.0	859399212.4954953
34770.0	2875915593.122915
34834.0	3033463266.6602993
34898.0	2201764034.9926696
34962.0	3052435905.33398
35026.0	706001281.6069493
35090.0	1442100135.4162197
35154.0	3081032945.162416
35218.0	2969748172.5986032
35282.0	4097485453.848215
35346.0	2101094360.5606399
35410.0	4447534262.930636
35474.0	116505349.39421368
35538.0	782765534.5262823
35602.0	3148415688.4930263
35666.0	3158116270.2546535
35730.0	3167844465.8487945
35794.0	3177578534.437414
35858.0	847054719.3569918
35922.0	1527466066.672536
35986.0	3206899888.166601
36050.0	3216709056.875999
36114.0	3226544859.920425
36178.0	3036026763.449561
36242.0	6312049154.671082
36306.0	3009639321.339322
36370.0	3266038506.3413596
36434.0	734999243.0601931
36500.0	5096792844.062724
36564.0	2535219215.836487
36628.0	3306146835.2038026
36692.0	3316148113.1493587
36756.0	1658941385.9512124
36820.0	3456805666.620702
36884.0	3346241586.1678863
36948.0	3356305724.6862454
37012.0	3620613192.0987754
37076.0	3376506462.5979867
37140.0	6292638689.624869
37204.0	3396778268.2980156
37268.0	2573209344.586419
37332.0	4738127076.351456
37396.0	1240493119.2066016
37460.0	3437578450.495477
37524.0	3463146299.204383
37588.0	3047951436.3383646
37652.0	3468362276.2403026
37716.0	3478655421.8693924
37780.0	3488970605.291941
37844.0	3499307674.0788164
37908.0	3509653237.5653195
37972.0	3520033528.154487
38036.0	3530421834.4601226
38100.0	3540831224.4159017
38164.0	3551247977.0907927
38228.0	6624878692.079355
38292.0	4354139234.053257
38356.0	673642822.7957387
38420.0	3593160597.6551776
38484.0	3603678671.912145
38548.0	3614230434.058796
38612.0	3624787699.1421776
38676.0	3575709268.667407
38740.0	3645974077.51118
38804.0	3656602946.0526333
38868.0	4984644797.504611
38932.0	3677902339.228244
38996.0	5127062161.041344
39060.0	1803260350.2736151
39124.0	3709995395.2533526
39188.0	3720733614.4210253
39252.0	3731489292.406077
39316.0	3742262191.8224297
39380.0	4685076958.769851
39444.0	2186178559.3313665
39508.0	3774697093.8102646
39572.0	4699627651.254465
39636.0	3796422877.5083375
39700.0	3807325310.5721292
39764.0	3818227883.553489
39828.0	3808900114.9711013
39892.0	1696293271.0047994
39956.0	3851090386.6994653
40020.0	4238547375.5676084
40084.0	9083039175.092249
40150.0	3884458627.450683
40214.0	9454997227.834934
40278.0	2780480632.582467
40342.0	1100850241.6123166
40406.0	3928764737.008044
40470.0	11215618754.198587
40534.0	3951030594.7751575
40598.0	3962199395.659517
40662.0	3973380628.8782816
40726.0	10804210726.672733
40790.0	3228596212.785495
40854.0	9882782872.32847
40918.0	4018327403.228862
40982.0	8435009065.91385
41046.0	1670615474.207954
41110.0	3456633758.288689
41174.0	7501058552.68117
41238.0	4074926289.619987
41302.0	3584734728.9323063
41366.0	4097711687.979564
41430.0	11051387620.66768
41494.0	4120570890.90012
41558.0	3368855985.957905
41622.0	4143502087.3136663
41685.833333333336	141327380.09000492
41750.0	4166522058.6191225
41814.166666666664	5488166068.84786
41877.916666666664	8392538673.682428
41942.083333333336	9750430155.349499
42005.833333333336	4212823034.7820315
42070.0	4224430082.855058
42134.166666666664	2165305604.88618
42197.916666666664	9574142190.764519
42262.083333333336	4259423737.175446
42325.833333333336	9319439644.613487
42390.0	457248598.68511677
42454.166666666664	6761530765.6276
42517.916666666664	4306329566.237959
42582.083333333336	4318097677.6009655
42645.833333333336	1655688400.415607
42710.0	11586130001.155125
42774.166666666664	7855899784.959429
42837.916666666664	4365431337.420538
42902.083333333336	4377319252.575259
42965.833333333336	4389209990.681311
43030.0	4401123880.89
43094.166666666664	11623411260.36939
43157.916666666664	11373748818.40126
43222.083333333336	4437024103.338847
43285.833333333336	5595052336.896542
43350.0	5350839375.240245
43414.166666666664	10409757263.481329
43477.916666666664	4485178019.055186
43542.083333333336	10196618683.37077
43605.833333333336	4509365018.237367
43670.0	10648218491.87185
43734.166666666664	11271235421.191685
43800.0	4546171935.678541
43864.166666666664	4558351527.83433
43927.916666666664	4570574109.867241
43992.083333333336	3201364289.679226
44055.833333333336	8525890154.968763
44120.0	4607296180.015576
44184.166666666664	4619576631.743237
44247.916666666664	11189482139.253975
44312.083333333336	4644219107.101565
44375.833333333336	8368099391.009546
44440.0	201857480.94345856
44504.166666666664	6097926102.651281
44567.916666666664	1655816443.8155007
44632.083333333336	1023481487.9432778
44695.833333333336	4496099027.988021
44760.0	9186861823.548256
44824.166666666664	7999238084.465557
44887.916666666664	4756121424.562286
44952.083333333336	8557137882.739171
45015.833333333336	4781214468.752968
45080.0	6209628462.563095
45144.166666666664	4806399938.255842
45207.916666666664	8298120306.4397545
45272.083333333336	4831676555.590406
45335.833333333336	4844326569.422638
45400.0	6628979586.89617
45464.166666666664	9839011641.154533
45527.916666666664	2830754775.2746696
45592.083333333336	4895184035.997615
45655.833333333336	4907936280.692748
45720.0	4920729122.884066
45784.166666666664	4933510372.991214
45847.916666666664	4946358192.816922
45912.083333333336	4982123401.931703
45975.833333333336	6869714531.594582
46040.0	2089896620.8504143
46104.166666666664	12391876664.112034
46167.916666666664	3159276816.7351027
46232.083333333336	11348633353.791225
46295.833333333336	5036701779.08166
46360.0	2586150055.2837296
46424.166666666664	5177550268.896883
46487.916666666664	7358253423.637742
46552.083333333336	6997729371.121687
46615.833333333336	5101889382.004619
46680.0	5114983731.384389
46744.166666666664	9515870342.23621
46807.916666666664	4593299678.557876
46872.083333333336	5154416269.357767
46935.833333333336	5167609825.787867
47000.0	8299289659.294104
47064.166666666664	5194026680.901669
47127.916666666664	9038867698.437435
47192.083333333336	5220568586.98105
47255.833333333336	3585905303.1826906
47320.0	5247176059.468834
47384.166666666664	5260522294.38024
47450.0	4701598819.59345
47514.166666666664	5230525434.569807
47577.916666666664	10549102596.764488
47642.083333333336	534609104.97322845
47705.833333333336	199121023.9850874
47770.0	8725166849.381916
47834.166666666664	5354864472.877762
47897.916666666664	6233245671.260811
47962.083333333336	9589376276.995451
48025.833333333336	5395469256.354039
48090.0	5409015626.999526
48154.166666666664	3277005308.0612726
48217.916666666664	9900167349.980549
48282.083333333336	5449874482.321937
48345.833333333336	9663989268.651215
48410.0	2908168969.2959757
48474.166666666664	7262967118.433399
48537.916666666664	11596577393.437546
48602.083333333336	5518380025.638565
48665.833333333336	5532156786.642692
48730.0	4495255919.846642
48794.166666666664	873133231.7806005
48857.916666666664	6755655411.493665
48922.083333333336	5587421893.762661
48985.833333333336	5601309995.029078
49050.0	3607937096.053288
49114.166666666664	5629124116.0064745
49177.916666666664	7483239658.162203
49242.083333333336	5651592631.427322
49305.833333333336	5671004264.3515
49370.0	12484962320.665678
49434.166666666664	5699028001.347432
49497.916666666664	5713056313.381539
49562.083333333336	5727153857.97476
49625.833333333336	8703883586.335762
49690.0	2448500524.0928617
49754.166666666664	11031724827.029877
49817.916666666664	2240282678.2436647
49882.083333333336	5797831271.4159565
49945.833333333336	5812024160.192131
50010.0	5826250233.777256
50074.166666666664	5840472817.229964
50137.916666666664	5854765008.706666
50202.083333333336	5677778005.345635
50265.833333333336	8071905055.631699
50330.0	5897690627.437607
50394.166666666664	5912039236.990843
50457.916666666664	5926420096.815162
50522.083333333336	9649027503.570724
50585.833333333336	8512968370.768776
50650.0	5969717483.589453
50714.166666666664	5984149792.923714
50777.916666666664	5998652054.089541
50842.083333333336	6013147075.108359
50905.833333333336	6027673278.179623
50970.0	6042230606.913151
51034.166666666664	7389131344.108035
51100.0	10589547575.575089
51164.166666666664	433194767.6036663
51227.916666666664	787156301.2716179
51292.083333333336	6115803526.400137
51355.833333333336	10862321832.785378
51420.0	7554280831.639403
51484.166666666664	6159965482.65942
51547.916666666664	9376095534.767532
51612.083333333336	6189502117.113771
51675.833333333336	10345764645.32078
51740.0	6219157132.268937
51804.166666666664	6234028821.472181
51867.916666666664	6248887891.901641
51932.083333333336	9515203619.449108
51995.833333333336	11862810289.589266
52060.0	6293637804.178054
52124.166666666664	12864803185.468647
52187.916666666664	6323614024.134357
52252.083333333336	6338601544.943448
52315.833333333336	10852446583.515507
52380.0	9908722234.701965
52444.166666666664	6383730690.600626
52507.916666666664	6398828893.103009
52572.083333333336	9175350838.935469
52635.833333333336	6429107332.979052
52700.0	11074908595.314789
52764.166666666664	6459449517.597819
52827.916666666664	10537711924.096333
52892.083333333336	6489898434.832654
52955.833333333336	6505139859.538596
53020.0	1038780745.6849251
53084.166666666664	3210402998.521326
53147.916666666664	6551020031.421679
53212.083333333336	13607457167.901606
53275.833333333336	12647047811.95153
53340.0	3726751701.8732843
53404.166666666664	6612599042.559266
53467.916666666664	13662219878.222015
53532.083333333336	6643469040.6593275
53595.833333333336	7535244654.722522
53660.0	6674485014.049286
53724.166666666664	12889893021.87327
53787.916666666664	6705598691.903443
53852.083333333336	6721191756.0521
53915.833333333336	6166877315.715076
53980.0	277826481.11589813
54044.166666666664	6768064581.850781
54107.916666666664	3669451176.558879
54172.083333333336	8446143228.837452
54235.833333333336	11316598228.828777
54300.0	6830902947.889484
54364.166666666664	6846631587.479651
54427.916666666664	10776500374.427292
54492.083333333336	6878256336.146969
54555.833333333336	3651252056.378539
54620.0	3191443796.4899607
54684.166666666664	11778192107.1732
54750.0	11028955978.397167
54814.166666666664	6958117069.342513
54877.916666666664	3895527261.5490437
54942.083333333336	5615521274.495826
55005.833333333336	7006043757.577021
55070.0	7022060411.230253
55134.166666666664	7038097240.893597
55197.916666666664	7054154020.46482
55262.083333333336	7070230520.860908
55325.833333333336	10387051167.385513
55390.0	7102495954.181585
55454.166666666664	5615172974.090383
55517.916666666664	10847910778.14768
55582.083333333336	8703553046.980284
55645.833333333336	9642819111.466507
55710.0	11983662660.839022
55774.166666666664	6386909975.472587
55837.916666666664	6910356792.935372
55902.083333333336	13299386385.639389
55965.833333333336	13890562933.397493
56030.0	7265223022.443241
56094.166666666664	7281593434.605065
56157.916666666664	14193228804.517208
56222.083333333336	10226560282.280632
56285.833333333336	3916842210.8522186
56350.0	7347471479.5573225
56414.166666666664	7363981998.212181
56477.916666666664	7380566885.623798
56542.083333333336	11459319136.476528
56605.833333333336	7413725553.773361
56670.0	7430357546.497146
56734.166666666664	7446945156.661197
56797.916666666664	11149994268.624226
56862.083333333336	237655113.2777605
56925.833333333336	11389346764.625946
56990.0	7513739564.077684
57054.166666666664	1414171103.9024315
57117.916666666664	7547312693.865682
57182.083333333336	7564119804.325766
57245.833333333336	7580940186.726562
57310.0	7597773517.862187
57374.166666666664	7614681771.534613
57437.916666666664	7631540292.6025095
57502.083333333336	7648473627.132955
57565.833333333336	13637954248.46968
57630.0	12605797774.234505
57694.166666666664	7699409035.846148
57757.916666666664	7716453295.228058
57822.083333333336	7733508922.972484
57885.833333333336	7750575568.524966
57950.0	7767652877.672171
58014.166666666664	8028593690.217845
58077.916666666664	7801968856.098973
58142.083333333336	8935136673.480532
58205.833333333336	3845647112.666594
58270.0	4249725299.5305805
58334.166666666664	2545493484.3549423
58400.0	6360593095.0693
58464.166666666664	7905887300.963681
58527.916666666664	2614029264.9306192
58592.083333333336	7940557511.808464
58655.833333333336	1848237538.3475742
58720.0	7975259771.753128
58784.166666666664	7992724894.103093
58847.916666666664	8010128796.316778
58912.083333333336	8027608656.805389
58975.833333333336	8660710999.317383
59040.0	8062588707.348325
59104.166666666664	10041739078.322878
59167.916666666664	1953096316.738512
59232.083333333336	8115315692.198096
59295.833333333336	8132902800.20314
59360.0	8150494923.714601
59424.166666666664	13962988394.758636
59487.916666666664	10870750963.414911
59552.083333333336	10081633123.05801
59615.833333333336	8221267996.785033
59680.0	10036354629.555143
59744.166666666664	8256861058.961714
59807.916666666664	8274699843.023307
59872.083333333336	8292541987.1521435
59935.833333333336	8310387035.1814995
60000.0	7819182554.475829
60064.166666666664	8346158842.492704
60127.916666666664	15318122426.500603
60192.083333333336	8382088953.3300295
60255.833333333336	8400094451.46076
60320.0	14365234406.30906
60384.166666666664	13423762584.458397
60447.916666666664	8454194090.528822
60512.083333333336	8472279656.665754
60575.833333333336	9289279746.874645
60640.0	8508528348.241485
60704.166666666664	9309944793.692062
60767.916666666664	15803535527.744665
60832.083333333336	6344600359.861021
60895.833333333336	8581331275.762028
60960.0	3163936242.1988726
61024.166666666664	8617882744.213179
61087.916666666664	8636195355.201931
61152.083333333336	8654505480.282005
61215.833333333336	8672893411.1512
61280.0	8691278480.856585
61344.166666666664	8709741662.633675
61407.916666666664	8728119746.830656
61472.083333333336	8746575552.77422
61535.833333333336	8765109574.542263
61600.0	8783639412.258125
61664.166666666664	16160891019.246586
61727.916666666664	4565770797.821327
61792.083333333336	8839366177.643143
61855.833333333336	8857958720.879103
61920.0	13597367605.355183
61984.166666666664	8895294422.564194
62050.0	6255214784.232717
62114.166666666664	8933289162.762125
62177.916666666664	12722141802.702219
62242.083333333336	8970745121.294352
62305.833333333336	5401746291.08779
62370.0	9008429301.392323
62434.166666666664	9027215247.907803
62497.916666666664	9046167635.508747
62562.083333333336	13988177227.780989
62625.833333333336	15795141586.426844
62690.0	5272574155.376966
62754.166666666664	5046428702.188692
62817.916666666664	2158626603.3208923
62882.083333333336	7964995100.548338
62945.833333333336	11768739476.223206
63010.0	9198063575.704128
63074.166666666664	9217193186.801023
63137.916666666664	9236310870.282803
63202.083333333336	9255415981.423935
63265.833333333336	11739267506.811718
63330.0	9293864299.777779
63394.166666666664	9313115304.541462
63457.916666666664	10865220345.742968
63522.083333333336	10298924664.984426
63585.833333333336	16419008261.617004
63650.0	9390355000.847994
63714.166666666664	3114315704.7454786
63777.916666666664	16746616618.75638
63842.083333333336	3280123275.152773
63905.833333333336	9467923345.310747
63970.0	15605688836.478476
64034.166666666664	9506898728.705133
64097.916666666664	4381034237.691357
64162.083333333336	10939734747.998829
64225.833333333336	13145034381.79292
64290.0	9585227811.817528
64354.166666666664	8888850391.610804
64417.916666666664	6603235951.284208
64482.083333333336	9644127340.255808
64545.833333333336	9663854806.44238
64610.0	9683663144.772099
64674.166666666664	9703350517.062466
64737.916666666664	9723118103.259993
64802.083333333336	9742966394.598759
64865.833333333336	9762793475.826818
64930.0	15697243938.70364
64994.166666666664	9802587470.972853
65057.916666666664	9822450870.103497
65122.083333333336	6867795062.357527
65185.833333333336	9862420151.365362
65250.0	9882422086.53967
65314.166666666664	9902399957.909567
65377.916666666664	7272271499.85816
65442.083333333336	14370027581.299015
65505.833333333336	9962714518.016296
65570.0	9982804514.041044
65634.16666666667	10002975697.470459
65700.0	7703585286.766063
65764.16666666667	10029290737.22404
65827.91666666667	12432354445.342854
65892.08333333333	10084482228.237583
65955.83333333333	10104737688.9859
66020.0	10125074682.811646
66084.16666666667	12078558145.749605
66147.91666666667	11106165882.256489
66212.08333333333	4172650196.4740267
66275.83333333333	10206688214.55334
66340.0	8136783199.954151
66404.16666666667	16709779495.03227
66467.91666666667	10268172253.048319
66532.08333333333	13767821761.337656
66595.83333333333	10309346398.795336
66660.0	10329942893.149012
66724.16666666667	10350506737.739346
66787.91666666667	5498658828.804552
66852.08333333333	10835489708.754915
66915.83333333333	11278017299.704517
66980.0	17904151268.108147
67044.16666666667	10454096676.78397
67107.91666666667	10474922508.092813
67172.08333333333	10495713115.95334
67235.83333333333	10516586418.269865
67300.0	11743454195.991743
67364.16666666667	9047344343.063185
67427.91666666667	10579226417.396578
67492.08333333333	10600192082.506224
67555.83333333333	10621119801.477245
67620.0	10889496278.259087
67684.16666666667	10663224124.884527
67747.91666666667	15746088753.962791
67812.08333333333	10705294173.365461
67875.83333333333	10726515741.696592
67940.0	10747573384.96058
68004.16666666667	10768713869.021435
68067.91666666667	16414761795.80647
68132.08333333333	10811245322.631397
68195.83333333333	4835787593.830169
68260.0	10853734327.444593
68324.16666666667	10875040778.257399
68387.91666666667	10896431044.97028
68452.08333333333	10917777547.850298
68515.83333333333	13978250912.285467
68580.0	10960593370.20299
68644.16666666667	7325673090.899406
68707.91666666667	8841501140.342499
68772.08333333333	11024993364.41767
68835.83333333333	11046584826.995758
68900.0	11068129398.297575
68964.16666666667	11089626033.292183
69027.91666666667	6003284451.138568
69092.08333333333	11133003957.55935
69155.83333333333	6987785381.950764
69220.0	11497682505.719564
69284.16666666667	11198104543.79688
69350.0	15724960596.671993
69414.16666666667	15323993405.742893
69477.91666666667	11264107290.094358
69542.08333333333	11285962103.244364
69605.83333333333	10814751277.314034
69670.0	11329651293.949219
69734.16666666667	11075956749.732914
69797.91666666667	11373541058.829847
69862.08333333333	18575431683.281647
69925.83333333333	11417492054.763496
69990.0	11439524875.784145
70054.16666666667	11461642896.565886
70117.91666666667	8334351524.920627
70182.08333333333	10504631052.219538
70245.83333333333	11527941943.221523
70310.0	9975228807.22811
70374.16666666667	8194872243.358265
70437.91666666667	17630468037.74493
70502.08333333333	11616866354.336792
70565.83333333333	11639093891.475388
70630.0	4788795087.632109
70694.16666666667	8541541757.910605
70757.91666666667	10060890557.465088
70822.08333333333	11728713389.001492
70885.83333333333	13918694580.484556
70950.0	11773521376.901285
71014.16666666667	11796054003.77757
71077.91666666667	10124929802.5412
71142.08333333333	11841228337.159298
71205.83333333333	11863718655.993658
71270.0	11886294570.166622
71334.16666666667	18722446258.42004
71397.91666666667	11931705146.58658
71462.08333333333	11954387248.491362
71525.83333333333	16415414162.738869
71590.0	11694234968.44366
71654.16666666667	13694379292.050014
71717.91666666667	14730027476.558056
71782.08333333333	12068321228.802845
71845.83333333333	6607931866.22235
71910.0	12114032186.755434
71974.16666666667	9568363575.105137
72037.91666666667	12159931861.873142
72102.08333333333	12182852905.254948
72165.83333333333	12206020601.50358
72230.0	12229115890.467728
72294.16666666667	12252137448.251053
72357.91666666667	12275245846.608984
72422.08333333333	8416315291.80455
72485.83333333333	12321562009.744572
72550.0	17431244277.87217
72614.16666666667	12367900291.61136
72677.91666666667	6252037004.984365
72742.08333333333	12414422826.022043
72805.83333333333	12437815588.336536
72870.0	12461129831.352379
72934.16666666667	15078634514.479227
73000.0	12508525836.22131
