t(days)	RNP(psia2/cp-D/Mscf)
0.25	60175425.99467467
0.33040833333333336	67295502.4501545
0.4861958333333333	183726008.56087643
0.7977666666666666	12798641.010981705
1.4209083333333332	4695343.309827343
2.667195833333333	6423161.727599926
5.07725	8823611.225507181
9.897375	12257510.860110162
19.198041666666665	182809021.97627515
35.644875	23346507.916668877
66.05958333333334	31892730.98385814
124.99208333333333	43905558.85044351
188.99208333333334	297164127.3994084
252.99208333333334	64572087.22804955
316.99208333333337	73193310.96008419
380.9920833333333	81029511.38735723
444.9916666666666	54528712.90108589
508.9916666666666	94960250.1037196
572.9916666666667	101258347.81375523
636.9916666666667	107205726.35597749
700.9916666666667	105880626.84557794
764.9916666666667	87677614.91665561
828.9916666666667	174667388.74140537
892.9916666666667	128356932.61397581
956.9916666666667	389816727.6826925
1020.9916666666667	137751224.74883613
1084.9916666666666	142221620.88329086
1148.9916666666666	146559511.3371095
1212.9916666666666	92428086.87638983
1276.9916666666666	154882014.1625986
1340.9916666666666	175422742.36026338
1404.9916666666668	90670762.97566433
1468.9916666666668	166616873.85877645
1532.9916666666668	170358081.7113927
1596.9916666666668	207047306.44059235
1660.9916666666668	322221803.4592043
1724.9916666666668	249189280.33140695
1788.9916666666668	395854951.05255306
1852.9916666666668	208930235.25340337
1916.9916666666668	191398624.3692269
1980.9916666666668	151090264.4999705
2044.9916666666668	197978065.31873927
2108.991666666667	35189068.44887024
2172.991666666667	15118402.339411616
2236.991666666667	381474486.93320966
2300.991666666667	210659269.27538726
2364.991666666667	213742998.80670202
2428.991666666667	349476872.58611166
2492.991666666667	219823862.7540658
2556.991666666667	222825336.34458113
2620.991666666667	225804125.6869851
2684.991666666667	228761254.94517443
2748.991666666667	231698187.59576446
2812.991666666667	7269320.77889815
2876.991666666667	237519010.22201517
2940.991666666667	470817356.6253027
3004.991666666667	243277464.5013008
3068.991666666667	116512582.33710265
3132.991666666667	88188858.59401292
3196.991666666667	251824186.4712152
3260.991666666667	313411996.08051646
3324.991666666667	257474123.81707197
3388.991666666667	172149339.13591534
3452.991666666667	283875537.7153514
3516.991666666667	292227400.7946641
3580.991666666667	268694764.6189113
3650.0	27534939.706974357
3714.0	274494884.3100728
3778.0	471433967.36747456
3842.0	54469700.30846667
3906.0	282854774.6435953
3970.0	536998882.3707802
4034.0	2718529669.2437887
4098.0	369409100.8386584
4162.0	406578619.05515325
4226.0	1471737142.475457
4290.0	299576357.2538301
4354.0	3327762457.88808
4418.0	305165523.374914
4482.0	1915310003.2628593
4546.0	2612084597.488471
4610.0	338581562.3971935
4674.0	202628681.56225607
4738.0	1732534353.2954042
4802.0	322021495.22140443
4866.0	324847162.104427
4930.0	3325692233.3474617
4994.0	1765200930.5834422
5058.0	1606679833.2876852
5122.0	2540006578.5318727
5186.0	339060327.52895206
5250.0	341921580.3480016
5314.0	344790655.7024004
5378.0	1431236376.0823283
5442.0	2814970885.737504
5506.0	353436347.3857875
5570.0	356334897.29313457
5634.0	2189683594.5372386
5698.0	882595925.5988523
5762.0	365070788.2935507
5826.0	367999646.0533107
5890.0	1705930700.8244932
5954.0	1848672203.312012
6018.0	1245750150.4275517
6082.0	3063481971.06026
6146.0	3062140350.243655
6210.0	385742709.46892184
6274.0	443352870.79649097
6338.0	760130965.0858462
6402.0	596208806.5486709
6466.0	397743901.4863828
6530.0	1997997299.872405
6594.0	1603082730.9610505
6658.0	260417901.8857985
6722.0	409893888.2770246
6786.0	2879697050.1658134
6850.0	2906154715.8791604
6914.0	1920112205.8124936
6978.0	422191969.318306
7042.0	2708271418.6207185
7106.0	428399017.1894345
7170.0	431517463.2993539
7234.0	434645102.3892468
7300.0	1036433872.8392835
7364.0	441030036.2245989
7428.0	444187347.2013509
7492.0	447357933.14076734
7556.0	450534846.66372013
7620.0	453724022.9539432
7684.0	1108864973.1681147
7748.0	460132826.8299062
7812.0	1990905784.611075
7876.0	1638305526.8280385
7940.0	469823501.2716356
8004.0	2845939135.1311994
8068.0	476332663.6456929
8132.0	856248261.9524659
8196.0	482889389.4954453
8260.0	486181301.1774782
8324.0	3365776511.8093953
8388.0	218082703.3767596
8452.0	496125582.96100944
8516.0	3428743378.5090694
8580.0	946678082.4107921
8644.0	1415648052.3036485
8708.0	509532547.25745326
8772.0	512910635.6674675
8836.0	516302307.1107868
8900.0	2680481758.8864703
8964.0	523116148.725815
9028.0	526537336.2699547
9092.0	529973387.2651337
9156.0	533417889.27202654
9220.0	2307164217.864639
9284.0	540342578.955218
9348.0	3080675000.074524
9412.0	547310989.6818249
9476.0	550812499.9077023
9540.0	554322782.1915964
9604.0	224194436.8384403
9668.0	561381088.2904247
9732.0	564928353.2492726
9796.0	2010416064.4457393
9860.0	533802437.65059716
9924.0	826479301.9350805
9988.0	579227444.0617919
10052.0	582829343.1133891
10116.0	586446755.120665
10180.0	495407104.9444573
10244.0	593711917.5575542
10308.0	1959703227.530807
10372.0	601019589.4455041
10436.0	506834232.53185064
10500.0	608378131.0263083
10564.0	612075067.6356385
10628.0	615780539.2607211
10692.0	1918036717.2639947
10756.0	617058131.8550711
10820.0	1452145070.2708826
10884.0	630728633.8644519
10950.0	3014151841.652324
11014.0	638394963.0927631
11078.0	642183212.8202795
11142.0	2191796915.5105696
11206.0	1910448271.4482107
11270.0	3493624937.7796335
11334.0	657466808.5477659
11398.0	661316288.0640403
11462.0	665182584.4392682
11526.0	3547844889.071689
11590.0	2354315717.968985
11654.0	676840912.2831342
11718.0	2397310198.070672
11782.0	1461789717.720038
11846.0	688609358.6996111
11910.0	692554927.4805757
11974.0	3147490353.8347974
12038.0	700488367.6872941
12102.0	704470313.1743633
12166.0	708465429.05734
12230.0	712478844.385619
12294.0	716499376.2993544
12358.0	720532070.5159533
12422.0	724576568.4243668
12486.0	3166761191.93705
12550.0	732705251.7233602
12614.0	736788790.8643633
12678.0	740882713.6157033
12742.0	2567693438.1815777
12806.0	1213138419.2029607
12870.0	3727852368.8537736
12934.0	757390720.2389662
12998.0	2111075280.8682613
13062.0	765715749.4644386
13126.0	769896319.5440717
13190.0	1052721186.4351592
13254.0	778304787.4594803
13318.0	782519056.3362199
13382.0	2256427894.9190235
13446.0	790998601.7831283
13510.0	795263492.1336807
13574.0	799533409.0838422
13638.0	803814712.479204
13702.0	3516649356.2796297
13766.0	812424156.1864265
13830.0	816744651.1198105
13894.0	821082368.6317128
13958.0	452013887.1265202
14022.0	1203170771.3571029
14086.0	1392002391.0394971
14150.0	838556298.7386442
14214.0	2653315888.521153
14278.0	637971053.3458695
14342.0	851787290.2731425
14406.0	856230498.3983426
14470.0	475555650.544917
14534.0	3126801055.0054955
14600.0	869761382.3935541
14664.0	874254964.3458767
14728.0	3107072224.372389
14792.0	883273889.705745
14856.0	1586538948.650678
14920.0	3719165953.3332224
14984.0	896910255.5186585
15048.0	901479901.2447056
15112.0	906069885.3599627
15176.0	910662294.3679515
15240.0	915274489.692724
15304.0	919897270.8838698
15368.0	924530248.089291
15432.0	103088131.68955398
15496.0	2503011848.4966984
15560.0	938520370.6538167
15624.0	943210437.7212949
15688.0	947913823.622502
15752.0	2683293551.3186197
15816.0	1683593212.3186421
15880.0	962104775.2314781
15944.0	1401601688.976121
16008.0	2247502085.0453916
16072.0	1570445851.589039
16136.0	981213669.3994055
16200.0	986023637.1480614
16264.0	2127647919.472003
16328.0	995687370.9186485
16392.0	1701153908.8566523
16456.0	887245010.6411091
16520.0	1529236486.3543959
16584.0	3603892500.9272165
16648.0	1020084861.0479568
16712.0	1025004449.2017521
16776.0	1029937525.0032606
16840.0	3728813455.934261
16904.0	3783024326.5052605
16968.0	1044820520.6764991
17032.0	1049810459.1614194
17096.0	1727207802.2061281
17160.0	1396782860.751825
17224.0	2182516522.4029584
17288.0	2970539580.9918175
17352.0	1074963403.3546624
17416.0	388537416.9183676
17480.0	2176801696.0336685
17544.0	1371867387.0580583
17608.0	1095333096.5937655
17672.0	1100459203.9398234
17736.0	1105601994.8230596
17800.0	1471804997.9442897
17864.0	2677030283.310259
17928.0	1121114860.5667226
17992.0	1126311218.3057308
18056.0	1131521577.4536808
18120.0	3174397759.0953865
18184.0	1141984565.1119246
18250.0	1147404941.2969117
18314.0	1152674263.8861942
18378.0	1157959069.8523357
18442.0	4097791093.911271
18506.0	712961621.5288965
18570.0	1173892088.9018407
18634.0	1179231748.066553
18698.0	1184585527.1137567
18762.0	220085549.72494316
18826.0	1195335856.0147114
18890.0	1200733401.7678158
18954.0	1206145524.3958514
19018.0	912459243.2059103
19082.0	330159847.4053242
19146.0	2155455381.764004
19210.0	1227931093.1935768
19274.0	1233413553.2078488
19338.0	409723105.0601562
19402.0	2863223101.295478
19466.0	1249948783.547474
19530.0	2420028195.1297503
19594.0	967397916.649994
19658.0	1266619575.7743
19722.0	3337532797.004455
19786.0	1277803144.39766
19850.0	2510672889.5083494
19914.0	2978041798.5778065
19978.0	2061205645.8999639
20042.0	1300342676.9294183
20106.0	1306013921.5688026
20170.0	1311699725.6570098
20234.0	1317399821.4264634
20298.0	3071427568.5506463
20362.0	2839546402.7205005
20426.0	1334592644.363699
20490.0	1340352961.5376978
20554.0	4267875355.1031427
20618.0	741804203.3597865
20682.0	1357724210.2926645
20746.0	1363542533.885833
20810.0	2164809742.143696
20874.0	1375222367.7842643
20938.0	1381085380.4253027
21002.0	4467377372.323101
21066.0	1986166859.2104537
21130.0	1398767999.1764667
21194.0	2062029424.3363671
21258.0	1410631936.8086393
21322.0	3508771332.22159
21386.0	4038909343.3487887
21450.0	2306328023.580247
21514.0	2447386413.9183125
21578.0	748641270.8563673
21642.0	1446571883.2916212
21706.0	1452613706.5327203
21770.0	1458671917.3662734
21834.0	1464746292.6292598
21900.0	1471027232.8947997
21964.0	2481774474.865609
22028.0	685611935.1343478
22092.0	1489384264.4254825
22156.0	2971119295.5422583
22220.0	1501698011.7303655
22284.0	1507877808.9022064
22348.0	1514071730.9053333
22412.0	3095566109.5638165
22476.0	1526508331.8474085
22540.0	1532748028.425262
22604.0	1539003315.2165334
22668.0	1545276513.3517296
22732.0	1551564848.2672935
22796.0	1557868063.4197662
22860.0	2635382762.3862486
22924.0	4285818475.8680553
22988.0	1576864329.985508
23052.0	1256689163.9130745
23116.0	1589603349.0649652
23180.0	1595998355.1987956
23244.0	404872038.08367085
23308.0	1608835513.1610458
23372.0	4333659095.327356
23436.0	2720042898.029165
23500.0	4141756617.2465734
23564.0	4461915213.769392
23628.0	1641194644.2668147
23692.0	81228483.01583123
23756.0	4640779969.252085
23820.0	1660796129.93056
23884.0	3668422592.145767
23948.0	1673942320.7282968
24012.0	2116754341.497382
24076.0	2932471871.8119116
24140.0	1693777507.5417604
24204.0	3667016049.989421
24268.0	1177150911.6367164
24332.0	1713753836.6598473
24396.0	1720441406.1638973
24460.0	4373361363.194915
24524.0	1733867756.2182412
24588.0	1740609364.6558914
24652.0	4534523127.791529
24716.0	1754135368.4489157
24780.0	621100511.2711318
24844.0	1767722133.8171234
24908.0	1774540613.8822403
24972.0	1088496901.2041535
25036.0	20650330.724892616
25100.0	1795086812.9898732
25164.0	1801964926.4149287
25228.0	3718615191.4268465
25292.0	1815774218.2293003
25356.0	3872494691.7152267
25420.0	1036272166.3758475
25484.0	4146270216.531962
25550.0	1843796535.5527773
25614.0	2924334901.366785
25678.0	460646266.18225
25742.0	1864825007.702265
25806.0	1871864942.1746178
25870.0	1878924091.461428
25934.0	1885998465.6712399
25998.0	1893087805.7316523
26062.0	2539936483.274354
26126.0	1907314227.017773
26190.0	1914450819.7054086
26254.0	3220217756.8323927
26318.0	1928773503.2506511
26382.0	1935959131.6008306
26446.0	1943161986.0615635
26510.0	1950381852.0706694
26574.0	4301046581.568483
26638.0	3383655818.9008164
26702.0	1972141296.324491
26766.0	1979422749.3886387
26830.0	1986724241.7549632
26894.0	1037708985.0675485
26958.0	2001373817.2114995
27022.0	2008721391.420433
27086.0	2016088175.3854158
27150.0	2023469597.5094008
27214.0	2030865384.2750797
27278.0	3978203097.307535
27342.0	1091810085.3461542
27406.0	2053163287.0225756
27470.0	2060627566.5915651
27534.0	2068109551.8318985
27598.0	2075604406.8975472
27662.0	2083116481.7752914
27726.0	4832713939.21933
27790.0	2098196146.8179688
27854.0	1926824164.58862
27918.0	4872710317.142332
27982.0	909362903.0069814
28046.0	3952137849.816972
28110.0	4136242692.6764174
28174.0	2490926929.914089
28238.0	1255154665.2719383
28302.0	2159169051.98552
28366.0	1738640694.4658473
28430.0	3817261708.4993963
28494.0	2182311341.7356935
28558.0	1199874008.5884292
28622.0	1299012526.6886415
28686.0	2383437324.955753
28750.0	2213394242.929687
28814.0	2221207061.5960345
28878.0	3481706315.4840117
28942.0	2236886434.0541606
29006.0	3806402566.391351
29070.0	795449284.4414799
29134.0	2260531203.1692877
29200.0	2268692005.4213963
29264.0	2276627890.666813
29328.0	3206084502.8010635
29392.0	2292543149.6748414
29456.0	1257679394.4176662
29520.0	202711956.93084788
29584.0	4076776308.2463655
29648.0	1195085208.0074022
29712.0	2332632058.0567093
29776.0	2219174900.5690193
29840.0	2348785514.1605124
29904.0	2567519820.1678185
29968.0	2365001981.668559
30032.0	1018987612.7129519
30096.0	1699483120.7432523
30160.0	5202274250.457708
30224.0	2244171856.0025907
30288.0	3841106119.444751
30352.0	2414064925.63256
30416.0	2422308279.5073814
30480.0	2430570037.695368
30544.0	1973380717.2769969
30608.0	2926879675.3636456
30672.0	2455450751.8977146
30736.0	4460580432.943716
30800.0	2797549898.3971725
30864.0	2480482465.310032
30928.0	2488860299.8944936
30992.0	2497254713.9807196
31056.0	2505658723.2433043
31120.0	3815216918.150049
31184.0	2522535024.3636627
31248.0	4438347405.219629
31312.0	2539480819.0216036
31376.0	541851723.5591617
31440.0	4133442451.870145
31504.0	1817099339.9704413
31568.0	2573566490.2762895
31632.0	626309335.9864373
31696.0	2590723982.2850513
31760.0	4955158833.983635
31824.0	3180843337.074986
31888.0	3939817045.027707
31952.0	2625245727.5626245
32016.0	2633923489.0166874
32080.0	1777137931.9578063
32144.0	1012819953.7126768
32208.0	4381003984.81274
32272.0	2668794937.227181
32336.0	1796347613.5767307
32400.0	2686327206.1007466
32464.0	1033239480.0624404
32528.0	62384362.90131426
32592.0	2712769222.4671984
32656.0	5172289936.9888
32720.0	2730493394.0556383
32784.0	2739374079.7415924
32850.0	2748564329.8053417
32914.0	1077973997.7847152
32978.0	2766423715.3015714
33042.0	2775382790.1355233
33106.0	5307835686.525682
33170.0	2793350395.5605373
33234.0	2788338099.7198367
33298.0	2811390792.3214264
33362.0	1607336697.4320686
33426.0	3784410319.6797495
33490.0	2838580872.0546503
33554.0	884565119.3319588
33618.0	2559106902.1114593
33682.0	2865931314.859494
33746.0	3040646842.248767
33810.0	5001142524.804199
33874.0	2893454077.785107
33938.0	2902658668.533934
34002.0	4955173837.813197
34066.0	1610313629.0395987
34130.0	2930387292.410144
34194.0	2939661607.2142973
34258.0	2948966780.346217
34322.0	2958274630.15577
34386.0	2967613035.1065516
34450.0	6028485659.293362
34514.0	3692355250.5850043
34578.0	3686425834.3771887
34642.0	3005127056.7093196
34706.0	4357677510.053263
34770.0	3024001250.427418
34834.0	4331359303.534855
34898.0	1182605146.114223
34962.0	3052435905.33398
35026.0	3061956094.9615784
35090.0	5299645324.092855
35154.0	3081032945.162416
35218.0	3090609472.911155
35282.0	5047715977.99544
35346.0	3109807152.026031
35410.0	443678598.1733165
35474.0	3129076486.775418
35538.0	3138732176.0557346
35602.0	3148415688.4930263
35666.0	3158116270.2546535
35730.0	3167844465.8487945
35794.0	3177578534.437414
35858.0	2969286201.2277913
35922.0	3197106431.485598
35986.0	3206899888.166601
36050.0	5707045206.431078
36114.0	917595549.8380637
36178.0	228475875.29955006
36242.0	6130195843.648396
36306.0	3256143082.0075235
36370.0	3266038506.3413596
36434.0	3275959664.919787
36500.0	4718920155.784243
36564.0	1180521798.1564252
36628.0	3306146835.2038026
36692.0	5181135863.927578
36756.0	3326162534.153577
36820.0	5396890118.377437
36884.0	3464171291.9682603
36948.0	3356305724.6862454
37012.0	1023225446.3930497
37076.0	3376506462.5979867
37140.0	598993009.4215484
37204.0	3851981256.7147756
37268.0	5333695434.412636
37332.0	3417144396.01869
37396.0	3726742117.964872
37460.0	3712921636.139167
37524.0	5145170972.432286
37588.0	6174869239.610285
37652.0	6448020808.05867
37716.0	3357108337.6949816
37780.0	3937837354.934193
37844.0	3137539845.7053847
37908.0	803021763.6493955
37972.0	1699937058.6573708
38036.0	5773418032.292556
38100.0	3540831224.4159017
38164.0	3557475607.4739866
38228.0	3561698939.730074
38292.0	3572170463.934837
38356.0	3942495680.105687
38420.0	3593160597.6551776
38484.0	1123784122.9635372
38548.0	4911216238.233764
38612.0	3143210436.1784105
38676.0	1219519092.4391541
38740.0	3222476166.1069355
38804.0	1226173720.404204
38868.0	3667250616.0467734
38932.0	3677902339.228244
38996.0	3688586881.8080616
39060.0	2866877855.5607557
39124.0	6717301717.630497
39188.0	3720733614.4210253
39252.0	4999460917.195124
39316.0	3742262191.8224297
39380.0	5866565089.695595
39444.0	3763873906.944391
39508.0	4668459109.298323
39572.0	4614479690.532225
39636.0	3796422877.5083375
39700.0	3807325310.5721292
39764.0	1547699276.9255576
39828.0	3829161567.72766
39892.0	3840110515.856638
39956.0	4934709119.464456
40020.0	1981944732.0367749
40084.0	2225667984.7761765
40150.0	3884458627.450683
40214.0	2951688873.990303
40278.0	3906568046.558483
40342.0	3917667933.0371876
40406.0	3928764737.008044
40470.0	3939891225.4641633
40534.0	7712208141.83622
40598.0	3962199395.659517
40662.0	5823423082.080415
40726.0	489898335.1804528
40790.0	3995813397.178606
40854.0	5032368475.549522
40918.0	5781903176.29772
40982.0	4029601302.552536
41046.0	4040903550.48453
41110.0	4052234090.972228
41174.0	5054685962.433401
41238.0	1786056612.584395
41302.0	10703278861.229006
41366.0	931899662.7838316
41430.0	803357538.5786238
41494.0	1610616356.1665854
41558.0	4132023019.197507
41622.0	10501172373.376022
41685.833333333336	4155008012.9112678
41750.0	4166522058.6191225
41814.166666666664	6312723236.157883
41877.916666666664	4189629494.713074
41942.083333333336	4201222700.5102987
42005.833333333336	9280919156.555534
42070.0	9277058204.521797
42134.166666666664	11190274182.341166
42197.916666666664	2153890268.4441767
42262.083333333336	9671853585.687494
42325.833333333336	5134693665.970165
42390.0	4282827056.606245
42454.166666666664	1336681172.2386413
42517.916666666664	2716384868.0789623
42582.083333333336	4306495314.634708
42645.833333333336	5136109317.030327
42710.0	1690900319.2336125
42774.166666666664	4353567087.558338
42837.916666666664	10660815372.509838
42902.083333333336	4377319252.575259
42965.833333333336	2325987888.7002234
43030.0	10723688714.06548
43094.166666666664	11126320529.80402
43157.916666666664	4425041553.995229
43222.083333333336	4437024103.338847
43285.833333333336	4449029187.890715
43350.0	4461056645.803498
43414.166666666664	4473106312.181513
43477.916666666664	4485178019.055186
43542.083333333336	4497249863.946723
43605.833333333336	7229710030.619067
43670.0	4521479723.687185
43734.166666666664	5176219621.212079
43800.0	4546171935.678541
43864.166666666664	4558351527.83433
43927.916666666664	9894854333.968227
43992.083333333336	10889759072.980955
44055.833333333336	4595035473.003626
44120.0	4607296180.015576
44184.166666666664	4619576631.743237
44247.916666666664	4631899671.749878
44312.083333333336	2626380100.517992
44375.833333333336	4656557652.270731
44440.0	4668938510.6906185
44504.166666666664	4681314740.351623
44567.916666666664	4693733085.427775
44632.083333333336	4706146099.068812
44695.833333333336	4718601018.272391
44760.0	8829604466.277147
44824.166666666664	5605585499.4419365
44887.916666666664	8732746455.390472
44952.083333333336	4768647152.96432
45015.833333333336	4781214468.752968
45080.0	4793798815.551422
45144.166666666664	6203597512.448167
45207.916666666664	4819017578.025405
45272.083333333336	1309206261.0867577
45335.833333333336	4844326569.422638
45400.0	4857017648.792898
45464.166666666664	7764869386.097853
45527.916666666664	4882421047.119674
45592.083333333336	4895184035.997615
45655.833333333336	861498046.2016101
45720.0	4920729122.884066
45784.166666666664	7010175764.814557
45847.916666666664	4946358192.816922
45912.083333333336	4959193827.730691
45975.833333333336	3481463882.4846544
46040.0	4984932485.158415
46104.166666666664	4997862005.724692
46167.916666666664	7925980998.435917
46232.083333333336	4897721310.836833
46295.833333333336	9223757732.291975
46360.0	3078413771.958982
46424.166666666664	5062702573.213042
46487.916666666664	5075734693.360928
46552.083333333336	5088806255.332665
46615.833333333336	1958738757.2760386
46680.0	5114983731.384389
46744.166666666664	5128117212.856132
46807.916666666664	5141261509.979542
46872.083333333336	12636059965.038168
46935.833333333336	5647427902.772454
47000.0	467479254.1068201
47064.166666666664	1164246754.2903752
47127.916666666664	5207307514.975446
47192.083333333336	5220568586.98105
47255.833333333336	5233867940.097662
47320.0	20866372.27285099
47384.166666666664	5260522294.38024
47450.0	5274295246.170762
47514.166666666664	10374580264.330475
47577.916666666664	5301062066.231013
47642.083333333336	7220810407.134722
47705.833333333336	12291928936.709614
47770.0	5341373052.828788
47834.166666666664	10441757564.57473
47897.916666666664	5368393253.8331995
47962.083333333336	8297816193.951519
48025.833333333336	5395469256.354039
48090.0	5409015626.999526
48154.166666666664	11021686070.294771
48217.916666666664	8124937145.903285
48282.083333333336	7706620013.710777
48345.833333333336	8122183176.420868
48410.0	5477200508.727808
48474.166666666664	7301818537.108105
48537.916666666664	1187648141.168414
48602.083333333336	5518380025.638565
48665.833333333336	5532156786.642692
48730.0	5545936411.570091
48794.166666666664	5559751640.356552
48857.916666666664	5573569113.472228
48922.083333333336	5587421893.762661
48985.833333333336	5601309995.029078
49050.0	5615199551.386136
49114.166666666664	5629124116.0064745
49177.916666666664	6910930334.291571
49242.083333333336	5657009529.750284
49305.833333333336	5671004264.3515
49370.0	11865029968.769924
49434.166666666664	5699028001.347432
49497.916666666664	3155279618.132443
49562.083333333336	5727153857.97476
49625.833333333336	5741214898.981213
49690.0	5755345153.94253
49754.166666666664	5769473603.308122
49817.916666666664	9185221296.586374
49882.083333333336	1729413234.9911308
49945.833333333336	5812024160.192131
50010.0	11364001496.82851
50074.166666666664	2625342701.9507565
50137.916666666664	1929502396.4275746
50202.083333333336	7857447661.726829
50265.833333333336	5883374306.02276
50330.0	1894644011.386333
50394.166666666664	5912039236.990843
50457.916666666664	3931404275.5463037
50522.083333333336	5940833167.438268
50585.833333333336	10209253943.930752
50650.0	5969717483.589453
50714.166666666664	8339195965.017218
50777.916666666664	7734504146.269897
50842.083333333336	6013147075.108359
50905.833333333336	6027673278.179623
50970.0	13336145238.253265
51034.166666666664	6056819003.156601
51100.0	12750618337.063614
51164.166666666664	3958628304.1159296
51227.916666666664	6101129927.851104
51292.083333333336	6115803526.400137
51355.833333333336	6130507494.987593
51420.0	6145241761.928336
51484.166666666664	8390612892.308987
51547.916666666664	11453356068.515202
51612.083333333336	6189502117.113771
51675.833333333336	6204314868.833972
51740.0	6219157132.268937
51804.166666666664	4124053853.826822
51867.916666666664	12244252166.816208
51932.083333333336	6263775809.266452
51995.833333333336	13396880330.233772
52060.0	6293637804.178054
52124.166666666664	6308611686.215814
52187.916666666664	6323614024.134357
52252.083333333336	6338601544.943448
52315.833333333336	1771762562.3072367
52380.0	6602416313.962276
52444.166666666664	6383730690.600626
52507.916666666664	9490438591.404047
52572.083333333336	12938949719.673613
52635.833333333336	6429107332.979052
52700.0	6444242709.568743
52764.166666666664	13595724541.787313
52827.916666666664	6474638177.634328
52892.083333333336	6489898434.832654
52955.833333333336	9973980816.817207
53020.0	6520407359.349053
53084.166666666664	10062436321.18513
53147.916666666664	6551020031.421679
53212.083333333336	13593760310.4384
53275.833333333336	6581781866.582132
53340.0	6597131084.266966
53404.166666666664	2820265514.1023927
53467.916666666664	6628045299.349418
53532.083333333336	13749446637.44851
53595.833333333336	6658964732.796577
53660.0	6674485014.049286
53724.166666666664	6690029722.061621
53787.916666666664	6705598691.903443
53852.083333333336	6721191756.0521
53915.833333333336	12460853841.068506
53980.0	6752400493.673794
54044.166666666664	13626129479.04795
54107.916666666664	6783752067.087331
54172.083333333336	8799865909.773874
54235.833333333336	11828385015.648659
54300.0	6830902947.889484
54364.166666666664	6846631587.479651
54427.916666666664	6862432826.857343
54492.083333333336	6878256336.146969
54555.833333333336	6894101918.118256
54620.0	6909918069.96842
54684.166666666664	534267885.33156586
54750.0	11072581129.192825
54814.166666666664	6958117069.342513
54877.916666666664	4563457576.3372555
54942.083333333336	1181118450.7872105
55005.833333333336	5628194834.340835
55070.0	7905812333.471287
55134.166666666664	11695163487.35519
55197.916666666664	10273174281.459713
55262.083333333336	4372369974.856695
55325.833333333336	7086380465.706634
55390.0	648908755.5298376
55454.166666666664	7118630459.030041
55517.916666666664	7134838435.221601
55582.083333333336	7151065439.684408
55645.833333333336	2457250064.9814405
55710.0	12706781738.242859
55774.166666666664	7199858159.485453
55837.916666666664	9352378242.089876
55902.083333333336	807047127.2380209
55965.833333333336	7248813135.015511
56030.0	3983427077.278455
56094.166666666664	12146690945.661015
56157.916666666664	7298037786.853345
56222.083333333336	13002442672.204367
56285.833333333336	7330977084.960272
56350.0	11070026171.893923
56414.166666666664	7363981998.212181
56477.916666666664	5463365435.609604
56542.083333333336	4868793467.241387
56605.833333333336	7413725553.773361
56670.0	820615524.5696001
56734.166666666664	13594500385.365665
56797.916666666664	5842715281.872024
56862.083333333336	12615647735.451077
56925.833333333336	14508429064.510794
56990.0	7513739564.077684
57054.166666666664	7530519175.046901
57117.916666666664	13613088512.394829
57182.083333333336	12034395718.164473
57245.833333333336	7580940186.726562
57310.0	7597773517.862187
57374.166666666664	7614681771.534613
57437.916666666664	7631540292.6025095
57502.083333333336	8227065017.695225
57565.833333333336	1852708732.786518
57630.0	8174828198.50754
57694.166666666664	11327720511.93637
57757.916666666664	6586418782.540096
57822.083333333336	13551322523.617962
57885.833333333336	8186058149.727562
57950.0	7767652877.672171
58014.166666666664	15100459992.277256
58077.916666666664	4062656278.4085593
58142.083333333336	7819142259.334329
58205.833333333336	7836325451.04319
58270.0	4208178651.3420854
58334.166666666664	6064135720.753297
58400.0	7888598617.088036
58464.166666666664	7905887300.963681
58527.916666666664	13080408933.744572
58592.083333333336	7940557511.808464
58655.833333333336	7957870810.018097
58720.0	10588198825.507595
58784.166666666664	7992724894.103093
58847.916666666664	8010128796.316778
58912.083333333336	8027608656.805389
58975.833333333336	8045095430.211752
59040.0	11858853985.54131
59104.166666666664	8080158225.12043
59167.916666666664	12608612136.299355
59232.083333333336	8115315692.198096
59295.833333333336	8132902800.20314
59360.0	1878833797.381958
59424.166666666664	11568105822.937971
59487.916666666664	8185908481.850973
59552.083333333336	8203586292.146729
59615.833333333336	5346785785.700789
59680.0	8239099023.946729
59744.166666666664	8256861058.961714
59807.916666666664	8274699843.023307
59872.083333333336	8292541987.1521435
59935.833333333336	8310387035.1814995
60000.0	8328309051.76729
60064.166666666664	871288115.1426535
60127.916666666664	11640601033.229954
60192.083333333336	12113943220.459639
60255.833333333336	8400094451.46076
60320.0	8418101329.100719
60384.166666666664	8436109105.481599
60447.916666666664	8454194090.528822
60512.083333333336	8472279656.665754
60575.833333333336	8490442767.490868
60640.0	13039712681.668095
60704.166666666664	5229581455.135079
60767.916666666664	4549607434.243975
60832.083333333336	4687576234.4985895
60895.833333333336	4483211166.911211
60960.0	8599568170.717262
61024.166666666664	11730360447.50626
61087.916666666664	8636195355.201931
61152.083333333336	12297225050.702362
61215.833333333336	10320548219.437008
61280.0	8691278480.856585
61344.166666666664	8709741662.633675
61407.916666666664	4816157310.709377
61472.083333333336	1732179279.2614079
61535.833333333336	6585328424.214754
61600.0	4370747420.460346
61664.166666666664	13460831577.691088
61727.916666666664	6954506333.690474
61792.083333333336	15419073673.452385
61855.833333333336	11942132127.939468
61920.0	5203079659.17412
61984.166666666664	8895294422.564194
62050.0	13897002369.040192
62114.166666666664	8933289162.762125
62177.916666666664	2095406605.5745506
62242.083333333336	13457759493.556675
62305.833333333336	8989547718.500221
62370.0	9008429301.392323
62434.166666666664	14198910404.180565
62497.916666666664	9046167635.508747
62562.083333333336	6231795823.690679
62625.833333333336	2358662526.5324097
62690.0	9102882033.25489
62754.166666666664	12892658770.806295
62817.916666666664	9140878879.205303
62882.083333333336	9159951428.020731
62945.833333333336	9179013204.371527
63010.0	9198063575.704128
63074.166666666664	12218414554.829338
63137.916666666664	9236310870.282803
63202.083333333336	4230465865.935094
63265.833333333336	9274600293.416443
63330.0	4785806364.065082
63394.166666666664	16445377689.639256
63457.916666666664	14033621750.729738
63522.083333333336	9351669629.268368
63585.833333333336	10588214643.262518
63650.0	2808683994.351282
63714.166666666664	8899954932.413105
63777.916666666664	9429075171.916786
63842.083333333336	2084073701.2718735
63905.833333333336	9467923345.310747
63970.0	9487419364.758165
64034.166666666664	9506898728.705133
64097.916666666664	9526458246.438406
64162.083333333336	9546000500.985132
64225.833333333336	11637606712.022692
64290.0	10967693676.10576
64354.166666666664	6098299284.130292
64417.916666666664	9624480251.952374
64482.083333333336	9644127340.255808
64545.833333333336	9663854806.44238
64610.0	9683663144.772099
64674.166666666664	9101830653.760216
64737.916666666664	7751906415.286156
64802.083333333336	10835017289.685484
64865.833333333336	9762793475.826818
64930.0	15675586404.088076
64994.166666666664	9802587470.972853
65057.916666666664	14669742562.267109
65122.083333333336	6881531888.468054
65185.833333333336	5674106317.616861
65250.0	6230863830.087067
65314.166666666664	10778085889.645061
65377.916666666664	9922458765.675303
65442.083333333336	9942599002.681921
65505.833333333336	9962714518.016296
65570.0	4124106608.51927
65634.16666666667	10002975697.470459
65700.0	14627540925.732822
65764.16666666667	8997011529.008417
65827.91666666667	14517562706.718538
65892.08333333333	10084482228.237583
65955.83333333333	10104737688.9859
66020.0	7616966068.357487
66084.16666666667	10145493702.992823
66147.91666666667	13032639229.160011
66212.08333333333	10915079429.840904
66275.83333333333	16222215207.385471
66340.0	8749331152.700321
66404.16666666667	7203496302.931246
66467.91666666667	10268172253.048319
66532.08333333333	17701123238.16777
66595.83333333333	10309346398.795336
66660.0	10329942893.149012
66724.16666666667	17134819892.379559
66787.91666666667	16385469760.647285
66852.08333333333	10391881027.736115
66915.83333333333	10752994282.723322
66980.0	10433353491.36862
67044.16666666667	10454096676.78397
67107.91666666667	10474922508.092813
67172.08333333333	17579845454.096172
67235.83333333333	11701853743.719946
67300.0	10537423602.50497
67364.16666666667	5261072406.961812
67427.91666666667	9757741925.236393
67492.08333333333	4205326747.733712
67555.83333333333	10621119801.477245
67620.0	10642130318.15636
67684.16666666667	15343266697.819942
67747.91666666667	10684279062.370667
67812.08333333333	10705294173.365461
67875.83333333333	8440880459.379515
67940.0	10747573384.96058
68004.16666666667	10768713869.021435
68067.91666666667	13855601986.170841
68132.08333333333	7260075737.0992155
68195.83333333333	10832385121.209135
68260.0	12909004141.155207
68324.16666666667	10875040778.257399
68387.91666666667	6758797750.887719
68452.08333333333	10917777547.850298
68515.83333333333	10939207852.043941
68580.0	6760795604.64395
68644.16666666667	10982062667.04481
68707.91666666667	14987482756.999601
68772.08333333333	11024993364.41767
68835.83333333333	11046584826.995758
68900.0	11068129398.297575
68964.16666666667	11089626033.292183
69027.91666666667	16438052628.250687
69092.08333333333	16452553899.767471
69155.83333333333	17954691576.25959
69220.0	13222818908.449884
69284.16666666667	11198104543.79688
69350.0	7695483244.498493
69414.16666666667	7881532452.980417
69477.91666666667	11264107290.094358
69542.08333333333	8080429194.707443
69605.83333333333	11307764498.870634
69670.0	11329651293.949219
69734.16666666667	11351622979.509762
69797.91666666667	7763198118.470192
69862.08333333333	11395543942.159449
69925.83333333333	4325285617.597737
69990.0	11439524875.784145
70054.16666666667	11461642896.565886
70117.91666666667	5204899759.395915
70182.08333333333	6278473071.574085
70245.83333333333	11527941943.221523
70310.0	11550116839.921648
70374.16666666667	11572377211.33053
70437.91666666667	18201714763.13402
70502.08333333333	12378421137.210384
70565.83333333333	6669309496.181176
70630.0	11661552767.783663
70694.16666666667	11683805125.02412
70757.91666666667	9105544028.718365
70822.08333333333	11728713389.001492
70885.83333333333	8503585116.086021
70950.0	15325494179.365786
71014.16666666667	8776089240.458874
71077.91666666667	9582277261.04525
71142.08333333333	6610726441.877053
71205.83333333333	11863718655.993658
71270.0	11886294570.166622
71334.16666666667	9768420452.202118
71397.91666666667	16886068089.118336
71462.08333333333	17330838702.88616
71525.83333333333	5167069499.038732
71590.0	11999856429.866894
71654.16666666667	12022488016.793646
71717.91666666667	14630859803.971704
71782.08333333333	12068321228.802845
71845.83333333333	4678685701.427257
71910.0	9368395107.113491
71974.16666666667	12136938628.43194
72037.91666666667	17701026718.768852
72102.08333333333	12182852905.254948
72165.83333333333	7670318519.97647
72230.0	12229115890.467728
72294.16666666667	18597192722.318073
72357.91666666667	12275245846.608984
72422.08333333333	12298279065.55554
72485.83333333333	17364010514.859932
72550.0	12344605796.878311
72614.16666666667	16073768884.385216
72677.91666666667	10096030461.318718
72742.08333333333	11201509983.06388
72805.83333333333	8731725606.109585
72870.0	12461129831.352379
72934.16666666667	19105305777.658386
73000.0	12508525836.22131
