t(days)	RNP(psia2/cp-D/Mscf)
0.25	168105952.4450025
0.33040833333333336	99932529.62817037
0.4861958333333333	2608864.801773951
0.7977666666666666	155991576.5830393
1.4209083333333332	216111278.68013746
2.667195833333333	6423161.727599926
5.07725	131427468.85643724
9.897375	53668510.20325853
19.198041666666665	17053913.505089376
35.644875	160816126.16778272
66.05958333333334	31892730.98385814
124.99208333333333	64464840.67620006
188.99208333333334	54925219.82224909
252.99208333333334	75108517.4321297
316.99208333333337	192448841.40730044
380.9920833333333	48873802.49344884
444.9916666666666	135544078.36936113
508.9916666666666	94960250.1037196
572.9916666666667	101258347.81375523
636.9916666666667	174901677.27287525
700.9916666666667	112852915.40841524
764.9916666666667	118240033.64701241
828.9916666666667	123399247.01200272
892.9916666666667	128356932.61397581
956.9916666666667	133134715.11106944
1020.9916666666667	273079796.78578496
1084.9916666666666	142221620.88329086
1148.9916666666666	146559511.3371095
1212.9916666666666	322237527.67681766
1276.9916666666666	45435594.19883154
1340.9916666666666	158885436.30802172
1404.9916666666668	258581389.54223794
1468.9916666666668	166616873.85877645
1532.9916666666668	170358081.7113927
1596.9916666666668	174024484.4587303
1660.9916666666668	177620684.920044
1724.9916666666668	181151898.88860813
1788.9916666666668	157552706.69472173
1852.9916666666668	416593984.63979495
1916.9916666666668	41987668.7840724
1980.9916666666668	277446777.71037537
2044.9916666666668	197978065.31873927
2108.991666666667	201211742.1497638
2172.991666666667	204396026.01222086
2236.991666666667	207767226.35124576
2300.991666666667	225616912.46293408
2364.991666666667	193414306.28702182
2428.991666666667	216796576.90959513
2492.991666666667	219823862.7540658
2556.991666666667	313822888.5445272
2620.991666666667	225804125.6869851
2684.991666666667	275978377.81530124
2748.991666666667	231698187.59576446
2812.991666666667	234616843.6766543
2876.991666666667	237519010.22201517
2940.991666666667	136590608.4120449
3004.991666666667	33901736.85427314
3068.991666666667	7522188.537407219
3132.991666666667	289543724.0717268
3196.991666666667	217584872.0956825
3260.991666666667	144747922.36650017
3324.991666666667	257474123.81707197
3388.991666666667	245707957.78066218
3452.991666666667	139835047.73281747
3516.991666666667	316865199.8104365
3580.991666666667	268694764.6189113
3650.0	271705372.18945765
3714.0	274494884.3100728
3778.0	277283602.12009203
3842.0	412507304.96958375
3906.0	282854774.6435953
3970.0	285639665.2366875
4034.0	288424511.00431275
4098.0	291210423.4233365
4162.0	293997733.4407506
4226.0	296785908.07292485
4290.0	299576357.2538301
4354.0	302369668.98874485
4418.0	305165523.374914
4482.0	307964641.9676603
4546.0	310766807.18971515
4610.0	313573941.2485879
4674.0	316384920.3660676
4738.0	319200765.7977119
4802.0	322021495.22140443
4866.0	324847162.104427
4930.0	327677857.4098492
4994.0	330514885.0612758
5058.0	333357283.00328684
5122.0	336206480.25779885
5186.0	339060327.52895206
5250.0	341921580.3480016
5314.0	344790655.7024004
5378.0	347665424.54176015
5442.0	350547599.16987944
5506.0	353436347.3857875
5570.0	356334897.29313457
5634.0	359238392.2972292
5698.0	362150131.0718024
5762.0	365070788.2935507
5826.0	367999646.0533107
5890.0	370934479.3843298
5954.0	373880449.78449535
6018.0	376832388.5205003
6082.0	379794111.82235944
6146.0	382763401.0183122
6210.0	385742709.46892184
6274.0	388728167.0547055
6338.0	391725570.14173484
6402.0	394731047.9447139
6466.0	397743901.4863828
6530.0	400766857.2159577
6594.0	403799320.9293648
6658.0	406840674.9565253
6722.0	409893888.2770246
6786.0	412952960.76070493
6850.0	416022700.89089435
6914.0	419102560.3952134
6978.0	422191969.318306
7042.0	425290335.70223016
7106.0	428399017.1894345
7170.0	431517463.2993539
7234.0	434645102.3892468
7300.0	437882267.2112007
7364.0	441030036.2245989
7428.0	444187347.2013509
7492.0	447357933.14076734
7556.0	450534846.66372013
7620.0	453724022.9539432
7684.0	456922776.4247508
7748.0	460132826.8299062
7812.0	463351387.9400018
7876.0	466582543.2489166
7940.0	469823501.2716356
8004.0	473073726.3737058
8068.0	476332663.6456929
8132.0	479607153.0831864
8196.0	482889389.4954453
8260.0	486181301.1774782
8324.0	489484934.54440796
8388.0	492799847.9522006
8452.0	496125582.96100944
8516.0	499461664.078591
8580.0	502807598.51110023
8644.0	506165628.72217983
8708.0	509532547.25745326
8772.0	512910635.6674675
8836.0	516302307.1107868
8900.0	519704305.7616323
8964.0	523116148.725815
9028.0	526537336.2699547
9092.0	529973387.2651337
9156.0	533417889.27202654
9220.0	536873389.7747666
9284.0	540342578.955218
9348.0	543821938.0881422
9412.0	547310989.6818249
9476.0	550812499.9077023
9540.0	554322782.1915964
9604.0	557847998.2522142
9668.0	561381088.2904247
9732.0	564928353.2492726
9796.0	568486006.0739983
9860.0	572057104.389277
9924.0	575637746.4538482
9988.0	579227444.0617919
10052.0	582829343.1133891
10116.0	586446755.120665
10180.0	590071937.9455806
10244.0	593711917.5575542
10308.0	597358740.4808966
10372.0	601019589.4455041
10436.0	604694153.0511243
10500.0	608378131.0263083
10564.0	612075067.6356385
10628.0	615780539.2607211
10692.0	619502283.0164121
10756.0	623231725.4235784
10820.0	626976775.3358526
10884.0	630728633.8644519
10950.0	634616525.0717988
11014.0	638394963.0927631
11078.0	642183212.8202795
11142.0	645985302.583427
11206.0	649800922.1968096
11270.0	653629750.0818508
11334.0	657466808.5477659
11398.0	661316288.0640403
11462.0	665182584.4392682
11526.0	669055874.5446253
11590.0	672940474.786553
11654.0	676840912.2831342
11718.0	680751971.125579
11782.0	684673232.2865283
11846.0	688609358.6996111
11910.0	692554927.4805757
11974.0	696514694.3198324
12038.0	700488367.6872941
12102.0	704470313.1743633
12166.0	708465429.05734
12230.0	712478844.385619
12294.0	716499376.2993544
12358.0	720532070.5159533
12422.0	724576568.4243668
12486.0	728632499.9561946
12550.0	732705251.7233602
12614.0	736788790.8643633
12678.0	740882713.6157033
12742.0	744992567.5346774
12806.0	749112093.4031283
12870.0	753240852.4219575
12934.0	757390720.2389662
12998.0	761542945.7369541
13062.0	765715749.4644386
13126.0	769896319.5440717
13190.0	774097034.7201585
13254.0	778304787.4594803
13318.0	782519056.3362199
13382.0	786752607.7331833
13446.0	790998601.7831283
13510.0	795263492.1336807
13574.0	799533409.0838422
13638.0	803814712.479204
13702.0	808114045.3108444
13766.0	812424156.1864265
13830.0	816744651.1198105
13894.0	821082368.6317128
13958.0	825429802.1729325
14022.0	829793923.7197276
14086.0	834167053.4220471
14150.0	838556298.7386442
14214.0	842953803.443602
14278.0	847366812.5025461
14342.0	851787290.2731425
14406.0	856230498.3983426
14470.0	860680505.7049489
14534.0	865144840.2949018
14600.0	869761382.3935541
14664.0	874254964.3458767
14728.0	878762028.9340445
14792.0	883273889.705745
14856.0	887806912.882684
14920.0	892352478.8287741
14984.0	896910255.5186585
15048.0	901479901.2447056
15112.0	906069885.3599627
15176.0	910662294.3679515
15240.0	915274489.692724
15304.0	919897270.8838698
15368.0	924530248.089291
15432.0	929182297.6987975
15496.0	933843918.850573
15560.0	938520370.6538167
15624.0	943210437.7212949
15688.0	947913823.622502
15752.0	952630223.1007174
15816.0	957360306.7472645
15880.0	962104775.2314781
15944.0	966862351.0864346
16008.0	971633737.4711822
16072.0	976416595.512315
16136.0	981213669.3994055
16200.0	986023637.1480614
16264.0	990848292.1133729
16328.0	995687370.9186485
16392.0	1000539526.4907321
16456.0	1005405533.847665
16520.0	1010285104.8325447
16584.0	1015179050.2246954
16648.0	1020084861.0479568
16712.0	1025004449.2017521
16776.0	1029937525.0032606
16840.0	1034884941.1825398
16904.0	1039845262.6872795
16968.0	1044820520.6764991
17032.0	1049810459.1614194
17096.0	1054813618.9443741
17160.0	1059830901.1656772
17224.0	1064860807.7317902
17288.0	1069904246.1144958
17352.0	1074963403.3546624
17416.0	1080035538.8754299
17480.0	1085120340.5007014
17544.0	1090220041.8003585
17608.0	1095333096.5937655
17672.0	1100459203.9398234
17736.0	1105601994.8230596
17800.0	1110759936.6553762
17864.0	1115930102.5695693
17928.0	1121114860.5667226
17992.0	1126311218.3057308
18056.0	1131521577.4536808
18120.0	1136745655.9290597
18184.0	1141984565.1119246
18250.0	1147404941.2969117
18314.0	1152674263.8861942
18378.0	1157959069.8523357
18442.0	1163256209.5043695
18506.0	1168566821.2841928
18570.0	1173892088.9018407
18634.0	1179231748.066553
18698.0	1184585527.1137567
18762.0	1189953146.9157217
18826.0	1195335856.0147114
18890.0	1200733401.7678158
18954.0	1206145524.3958514
19018.0	1211570379.6848714
19082.0	1217009242.140864
19146.0	1222463435.445184
19210.0	1227931093.1935768
19274.0	1233413553.2078488
19338.0	1238910554.8613412
19402.0	1244421830.3960402
19466.0	1249948783.547474
19530.0	1255492870.422294
19594.0	1261048765.8346994
19658.0	1266619575.7743
19722.0	1272205041.8748465
19786.0	1277803144.39766
19850.0	1283415334.353845
19914.0	1289043117.1542153
19978.0	1294684451.5539136
20042.0	1300342676.9294183
20106.0	1306013921.5688026
20170.0	1311699725.6570098
20234.0	1317399821.4264634
20298.0	1323115815.0958917
20362.0	1328847473.7878299
20426.0	1334592644.363699
20490.0	1340352961.5376978
20554.0	1346130119.3746
20618.0	1351919981.0060143
20682.0	1357724210.2926645
20746.0	1363542533.885833
20810.0	1369374671.477047
20874.0	1375222367.7842643
20938.0	1381085380.4253027
21002.0	1386963460.526542
21066.0	1392858437.1618433
21130.0	1398767999.1764667
21194.0	1404691878.1218488
21258.0	1410631936.8086393
21322.0	1416583635.0995607
21386.0	1422553152.7137375
21450.0	1428535918.1893687
21514.0	1434531629.0767553
21578.0	1440544435.1397543
21642.0	1446571883.2916212
21706.0	1452613706.5327203
21770.0	1458671917.3662734
21834.0	1464746292.6292598
21900.0	1471027232.8947997
21964.0	1477130140.6413665
22028.0	1483250803.374254
22092.0	1489384264.4254825
22156.0	1495535016.4691732
22220.0	1501698011.7303655
22284.0	1507877808.9022064
22348.0	1514071730.9053333
22412.0	1520281980.577906
22476.0	1526508331.8474085
22540.0	1532748028.425262
22604.0	1539003315.2165334
22668.0	1545276513.3517296
22732.0	1551564848.2672935
22796.0	1557868063.4197662
22860.0	1564185895.967164
22924.0	1570518076.7020974
22988.0	1576864329.985508
23052.0	1583224373.6810756
23116.0	1589603349.0649652
23180.0	1595998355.1987956
23244.0	1602409156.9272044
23308.0	1608835513.1610458
23372.0	1615277176.8116546
23436.0	1621733894.725551
23500.0	1628205407.6196253
23564.0	1634691450.0168555
23628.0	1641194644.2668147
23692.0	1647714781.405823
23756.0	1654248706.642339
23820.0	1660796129.93056
23884.0	1667362728.9232895
23948.0	1673942320.7282968
24012.0	1680540665.4364808
24076.0	1687151474.053721
24140.0	1693777507.5417604
24204.0	1700421616.9024096
24268.0	1707080482.4009745
24332.0	1713753836.6598473
24396.0	1720441406.1638973
24460.0	1727146116.3559756
24524.0	1733867756.2182412
24588.0	1740609364.6558914
24652.0	1747364234.4747403
24716.0	1754135368.4489157
24780.0	1760922533.610417
24844.0	1767722133.8171234
24908.0	1774540613.8822403
24972.0	1781374391.9994764
25036.0	1788223212.2877047
25100.0	1795086812.9898732
25164.0	1801964926.4149287
25228.0	1808860794.494387
25292.0	1815774218.2293003
25356.0	1822701423.862343
25420.0	1829642120.3318539
25484.0	1836603258.899468
25550.0	1843796535.5527773
25614.0	1850788710.377629
25678.0	1857797034.6290512
25742.0	1864825007.702265
25806.0	1871864942.1746178
25870.0	1878924091.461428
25934.0	1885998465.6712399
25998.0	1893087805.7316523
26062.0	1900195726.4216225
26126.0	1907314227.017773
26190.0	1914450819.7054086
26254.0	1921601342.9659007
26318.0	1928773503.2506511
26382.0	1935959131.6008306
26446.0	1943161986.0615635
26510.0	1950381852.0706694
26574.0	1957618509.9249437
26638.0	1964867586.5299323
26702.0	1972141296.324491
26766.0	1979422749.3886387
26830.0	1986724241.7549632
26894.0	1994041348.256834
26958.0	2001373817.2114995
27022.0	2008721391.420433
27086.0	2016088175.3854158
27150.0	2023469597.5094008
27214.0	2030865384.2750797
27278.0	2038279720.3823106
27342.0	2045716915.1796057
27406.0	2053163287.0225756
27470.0	2060627566.5915651
27534.0	2068109551.8318985
27598.0	2075604406.8975472
27662.0	2083116481.7752914
27726.0	2090650255.3940992
27790.0	2098196146.8179688
27854.0	2105758591.1575634
27918.0	2113337355.9102945
27982.0	2120937036.7491615
28046.0	2128547758.9087274
28110.0	2136178976.0997021
28174.0	2143825602.1690476
28238.0	2151487378.9401026
28302.0	2159169051.98552
28366.0	2166865414.653448
28430.0	2174581273.9207
28494.0	2182311341.7356935
28558.0	2190055333.6017003
28622.0	2197818149.462638
28686.0	2205594376.969144
28750.0	2213394242.929687
28814.0	2221207061.5960345
28878.0	2229037860.106977
28942.0	2236886434.0541606
29006.0	2244747160.21535
29070.0	2252630614.880546
29134.0	2260531203.1692877
29200.0	2268692005.4213963
29264.0	2276627890.666813
29328.0	2284580233.8936095
29392.0	2292543149.6748414
29456.0	2300527649.543567
29520.0	2308527877.159329
29584.0	2316543579.0035534
29648.0	2324580302.4288573
29712.0	2332632058.0567093
29776.0	2340698577.377731
29840.0	2348785514.1605124
29904.0	2356886743.5602517
29968.0	2365001981.668559
30032.0	2373136990.2698927
30096.0	2381291599.4239197
30160.0	2389459500.345433
30224.0	2397640388.3949547
30288.0	2405846391.4613657
30352.0	2414064925.63256
30416.0	2422308279.5073814
30480.0	2430570037.695368
30544.0	2438843608.5784235
30608.0	2447141525.1473665
30672.0	2455450751.8977146
30736.0	2463777464.696538
30800.0	2472121443.9236565
30864.0	2480482465.310032
30928.0	2488860299.8944936
30992.0	2497254713.9807196
31056.0	2505658723.2433043
31120.0	2514092321.941172
31184.0	2522535024.3636627
31248.0	2531000206.2554464
31312.0	2539480819.0216036
31376.0	2547976600.3795733
31440.0	2556487283.0166116
31504.0	2565019663.776648
31568.0	2573566490.2762895
31632.0	2582141808.376651
31696.0	2590723982.2850513
31760.0	2599327096.3908877
31824.0	2607950998.3888946
31888.0	2616595532.188272
31952.0	2625245727.5626245
32016.0	2633923489.0166874
32080.0	2642613788.215517
32144.0	2651323856.99282
32208.0	2660045915.296806
32272.0	2668794937.227181
32336.0	2677555481.2655253
32400.0	2686327206.1007466
32464.0	2695125373.8323975
32528.0	2703942082.638136
32592.0	2712769222.4671984
32656.0	2721622348.680114
32720.0	2730493394.0556383
32784.0	2739374079.7415924
32850.0	2748564329.8053417
32914.0	2757481444.9169865
32978.0	2766423715.3015714
33042.0	2775382790.1355233
33106.0	2784358431.168784
33170.0	2793350395.5605373
33234.0	2802358435.841061
33298.0	2811390792.3214264
33362.0	2820430277.965133
33426.0	2829493671.3740325
33490.0	2838580872.0546503
33554.0	2847674350.1731696
33618.0	2856791201.667505
33682.0	2865931314.859494
33746.0	2875085693.2388654
33810.0	2884262986.80135
33874.0	2893454077.785107
33938.0	2902658668.533934
34002.0	2911885566.7481585
34066.0	2921125469.914681
34130.0	2930387292.410144
34194.0	2939661607.2142973
34258.0	2948966780.346217
34322.0	2958274630.15577
34386.0	2967613035.1065516
34450.0	2976962972.06004
34514.0	2986333682.5820036
34578.0	2995725001.509766
34642.0	3005127056.7093196
34706.0	3014559021.176956
34770.0	3024001250.427418
34834.0	3033463266.6602993
34898.0	3042944884.9583344
34962.0	3052435905.33398
35026.0	3061956094.9615784
35090.0	3071485171.6897235
35154.0	3081032945.162416
35218.0	3090609472.911155
35282.0	3100194082.8765798
35346.0	3109807152.026031
35410.0	3119427744.9482884
35474.0	3129076486.775418
35538.0	3138732176.0557346
35602.0	3148415688.4930263
35666.0	3158116270.2546535
35730.0	3167844465.8487945
35794.0	3177578534.437414
35858.0	3187328945.797919
35922.0	3197106431.485598
35986.0	3206899888.166601
36050.0	3216709056.875999
36114.0	3226544859.920425
36178.0	3236384726.118399
36242.0	3246250823.491001
36306.0	3256143082.0075235
36370.0	3266038506.3413596
36434.0	3275959664.919787
36500.0	3286219739.432109
36564.0	3296170680.535798
36628.0	3306146835.2038026
36692.0	3316148113.1493587
36756.0	3326162534.153577
36820.0	3336189786.873307
36884.0	3346241586.1678863
36948.0	3356305724.6862454
37012.0	3366394053.6991625
37076.0	3376506462.5979867
37140.0	3386630514.506292
37204.0	3396778268.2980156
37268.0	3406949603.347463
37332.0	3417144396.01869
37396.0	3427349898.1552067
37460.0	3437578450.495477
37524.0	3447817146.322661
37588.0	3458091317.564527
37652.0	3468362276.2403026
37716.0	3478655421.8693924
37780.0	3488970605.291941
37844.0	3499307674.0788164
37908.0	3509653237.5653195
37972.0	3520033528.154487
38036.0	3530421834.4601226
38100.0	3540831224.4159017
38164.0	3551247977.0907927
38228.0	3561698939.730074
38292.0	3572170463.934837
38356.0	3582662368.807391
38420.0	3593160597.6551776
38484.0	3603678671.912145
38548.0	3614230434.058796
38612.0	3624787699.1421776
38676.0	3635378420.630545
38740.0	3645974077.51118
38804.0	3656602946.0526333
38868.0	3667250616.0467734
38932.0	3677902339.228244
38996.0	3688586881.8080616
39060.0	3699289572.0147486
39124.0	3709995395.2533526
39188.0	3720733614.4210253
39252.0	3731489292.406077
39316.0	3742262191.8224297
39380.0	3753067205.5908933
39444.0	3763873906.944391
39508.0	3774697093.8102646
39572.0	3785551910.044728
39636.0	3796422877.5083375
39700.0	3807325310.5721292
39764.0	3818227883.553489
39828.0	3829161567.72766
39892.0	3840110515.856638
39956.0	3851090386.6994653
40020.0	3862085146.437908
40084.0	3873094511.1654963
40150.0	5755350107.38109
40214.0	3522352770.38157
40278.0	3906568046.558483
40342.0	3917667933.0371876
40406.0	673892901.7470651
40470.0	4997374206.18888
40534.0	7097361496.012083
40598.0	6666932225.724034
40662.0	3973380628.8782816
40726.0	3984591028.2995815
40790.0	3995813397.178606
40854.0	4007064654.204037
40918.0	6000500313.269748
40982.0	2683806656.628328
41046.0	8127995076.109522
41110.0	5418007518.364926
41174.0	4063575123.5364466
41238.0	4984496689.85296
41302.0	11029178386.930511
41366.0	795244981.9651251
41430.0	4109127640.0982203
41494.0	4120570890.90012
41558.0	6980103906.934188
41622.0	6725254300.832169
41685.833333333336	4155008012.9112678
41750.0	4166522058.6191225
41814.166666666664	4178062582.910811
41877.916666666664	4189629494.713074
41942.083333333336	2744483241.0813723
42005.833333333336	4212823034.7820315
42070.0	11659629178.31772
42134.166666666664	4236081985.753965
42197.916666666664	4247740182.0324893
42262.083333333336	4259423737.175446
42325.833333333336	4271112938.409153
42390.0	8249926524.210905
42454.166666666664	4294565973.024694
42517.916666666664	5734308573.256704
42582.083333333336	4318097677.6009655
42645.833333333336	4329910139.495717
42710.0	4341726642.645101
42774.166666666664	4353567087.558338
42837.916666666664	918097943.7244968
42902.083333333336	4377319252.575259
42965.833333333336	4389209990.681311
43030.0	4401123880.89
43094.166666666664	8852830517.245754
43157.916666666664	10354442108.655403
43222.083333333336	1885737881.8608174
43285.833333333336	4449029187.890715
43350.0	2784276954.277693
43414.166666666664	4473106312.181513
43477.916666666664	4485178019.055186
43542.083333333336	5817235703.311552
43605.833333333336	4509365018.237367
43670.0	2548889039.3721533
43734.166666666664	4533637613.896869
43800.0	4546171935.678541
43864.166666666664	5735064972.62261
43927.916666666664	7941609565.304052
43992.083333333336	6720727098.379844
44055.833333333336	4915987877.999383
44120.0	4607296180.015576
44184.166666666664	12079714407.851028
44247.916666666664	8945867353.42205
44312.083333333336	2254558187.0797706
44375.833333333336	6793821240.627657
44440.0	1865064401.542437
44504.166666666664	6841063621.617392
44567.916666666664	2719533291.5662255
44632.083333333336	4706146099.068812
44695.833333333336	7837946324.731054
44760.0	7806596216.616589
44824.166666666664	6360940691.472522
44887.916666666664	2753493935.0196705
44952.083333333336	4768647152.96432
45015.833333333336	12275797752.173674
45080.0	1452376962.7533646
45144.166666666664	6403664818.669352
45207.916666666664	4819017578.025405
45272.083333333336	4831676555.590406
45335.833333333336	12336277433.579262
45400.0	4857017648.792898
45464.166666666664	4869698957.9533615
45527.916666666664	4882421047.119674
45592.083333333336	4895184035.997615
45655.833333333336	5342067992.088688
45720.0	6901102250.432769
45784.166666666664	8302791370.798511
45847.916666666664	4946358192.816922
45912.083333333336	3732867147.9924417
45975.833333333336	8586111135.176607
46040.0	4984932485.158415
46104.166666666664	4997862005.724692
46167.916666666664	2252870882.818925
46232.083333333336	5023733481.831191
46295.833333333336	5036701779.08166
46360.0	5049709803.990334
46424.166666666664	11183067103.80361
46487.916666666664	5075734693.360928
46552.083333333336	5088806255.332665
46615.833333333336	1753975879.582992
46680.0	1575600185.3203883
46744.166666666664	5128117212.856132
46807.916666666664	5141261509.979542
46872.083333333336	5154416269.357767
46935.833333333336	5167609825.787867
47000.0	5180813417.968118
47064.166666666664	5194026680.901669
47127.916666666664	11208533947.989864
47192.083333333336	3360372981.767211
47255.833333333336	8658975711.229788
47320.0	5247176059.468834
47384.166666666664	5260522294.38024
47450.0	5274295246.170762
47514.166666666664	7271637044.322332
47577.916666666664	5301062066.231013
47642.083333333336	4075700749.2169766
47705.833333333336	578483263.3038273
47770.0	11756778317.500534
47834.166666666664	5354864472.877762
47897.916666666664	5368393253.8331995
47962.083333333336	5381897200.8722925
48025.833333333336	5395469256.354039
48090.0	5409015626.999526
48154.166666666664	5422630190.43096
48217.916666666664	1990717873.2609925
48282.083333333336	12095622630.59256
48345.833333333336	5463535400.353669
48410.0	8285337645.275787
48474.166666666664	5490901750.1330185
48537.916666666664	3023858189.796017
48602.083333333336	5518380025.638565
48665.833333333336	5532156786.642692
48730.0	3422984980.756444
48794.166666666664	12251517866.612862
48857.916666666664	5573569113.472228
48922.083333333336	5587421893.762661
48985.833333333336	12709671079.494118
49050.0	10636021873.07431
49114.166666666664	5629124116.0064745
49177.916666666664	5679277284.88721
49242.083333333336	4293387209.825874
49305.833333333336	5671004264.3515
49370.0	5684998960.632129
49434.166666666664	5699028001.347432
49497.916666666664	5713056313.381539
49562.083333333336	5727153857.97476
49625.833333333336	5967606843.858954
49690.0	12200594011.023478
49754.166666666664	7765895890.5511465
49817.916666666664	4931799262.161203
49882.083333333336	7260800981.549838
49945.833333333336	5812024160.192131
50010.0	2154415481.741371
50074.166666666664	5840472817.229964
50137.916666666664	5854765008.706666
50202.083333333336	7171195336.432371
50265.833333333336	13044622549.096088
50330.0	5897690627.437607
50394.166666666664	5912039236.990843
50457.916666666664	3869578717.0960627
50522.083333333336	1305194292.7970963
50585.833333333336	6576307120.884906
50650.0	5933727171.512147
50714.166666666664	5984149792.923714
50777.916666666664	5998652054.089541
50842.083333333336	12602814888.687466
50905.833333333336	6027673278.179623
50970.0	6042230606.913151
51034.166666666664	6056819003.156601
51100.0	4670288682.491169
51164.166666666664	6086526573.261875
51227.916666666664	5990823589.847958
51292.083333333336	9415218512.434095
51355.833333333336	9734406052.542074
51420.0	3052333315.246167
51484.166666666664	6159965482.65942
51547.916666666664	6174759927.577501
51612.083333333336	7079132445.495501
51675.833333333336	6204314868.833972
51740.0	12634049537.112411
51804.166666666664	6234028821.472181
51867.916666666664	6248887891.901641
51932.083333333336	6263775809.266452
51995.833333333336	6278692478.9284725
52060.0	7359505408.525765
52124.166666666664	8542266231.86899
52187.916666666664	6323614024.134357
52252.083333333336	6338601544.943448
52315.833333333336	6353616903.286023
52380.0	6368659989.215918
52444.166666666664	6383730690.600626
52507.916666666664	6398828893.103009
52572.083333333336	7364578487.907717
52635.833333333336	6429107332.979052
52700.0	6444242709.568743
52764.166666666664	6459449517.597819
52827.916666666664	13560018435.449484
52892.083333333336	6489898434.832654
52955.833333333336	6505139859.538596
53020.0	6520407359.349053
53084.166666666664	13577783316.987488
53147.916666666664	6551020031.421679
53212.083333333336	7166185750.702676
53275.833333333336	6581781866.582132
53340.0	10621332307.251434
53404.166666666664	6612599042.559266
53467.916666666664	6628045299.349418
53532.083333333336	3988378479.483616
53595.833333333336	6662345148.555027
53660.0	6674485014.049286
53724.166666666664	6690029722.061621
53787.916666666664	6705598691.903443
53852.083333333336	11956833863.928827
53915.833333333336	1139696512.6866055
53980.0	12702449456.639668
54044.166666666664	6768064581.850781
54107.916666666664	6783752067.087331
54172.083333333336	7900263465.24827
54235.833333333336	6815146597.863598
54300.0	6830902947.889484
54364.166666666664	7456345691.494607
54427.916666666664	378310595.98465633
54492.083333333336	6878256336.146969
54555.833333333336	1860598124.7824764
54620.0	6909918069.96842
54684.166666666664	9631277890.997152
54750.0	13931020170.737995
54814.166666666664	12508144445.513046
54877.916666666664	6974071867.906921
54942.083333333336	8362676628.8843
55005.833333333336	7838072883.442096
55070.0	6439073581.206612
55134.166666666664	8168429290.423368
55197.916666666664	7054154020.46482
55262.083333333336	3998384519.288557
55325.833333333336	7086380465.706634
55390.0	7102495954.181585
55454.166666666664	7118630459.030041
55517.916666666664	9044101765.016811
55582.083333333336	7151065439.684408
55645.833333333336	6646935980.68191
55710.0	7183575551.24728
55774.166666666664	1077676222.8737736
55837.916666666664	7216158798.238765
55902.083333333336	100921755.54441738
55965.833333333336	14308226061.119518
56030.0	1277806387.6472416
56094.166666666664	11971702441.071413
56157.916666666664	12283329560.53476
56222.083333333336	7314499094.970501
56285.833333333336	7330977084.960272
56350.0	14249846983.945969
56414.166666666664	7363981998.212181
56477.916666666664	7380566885.623798
56542.083333333336	7397109060.190007
56605.833333333336	7413725553.773361
56670.0	7430357546.497146
56734.166666666664	14113697235.942282
56797.916666666664	7463606993.248059
56862.083333333336	7480283433.885601
56925.833333333336	2682425330.9843445
56990.0	7513739564.077684
57054.166666666664	7530519175.046901
57117.916666666664	7547312693.865682
57182.083333333336	10295574144.325558
57245.833333333336	14658984548.2836
57310.0	7597773517.862187
57374.166666666664	7401917665.070467
57437.916666666664	7631540292.6025095
57502.083333333336	7648473627.132955
57565.833333333336	7665482274.235644
57630.0	14254442962.814615
57694.166666666664	3683838772.297676
57757.916666666664	5624226302.402017
57822.083333333336	7733508922.972484
57885.833333333336	1418794119.2013168
57950.0	7767652877.672171
58014.166666666664	7784805607.923234
58077.916666666664	7801968856.098973
58142.083333333336	8643145519.383085
58205.833333333336	2669677747.9645452
58270.0	7482892116.78696
58334.166666666664	7870786276.557092
58400.0	12804953237.176933
58464.166666666664	7905887300.963681
58527.916666666664	9244401207.39913
58592.083333333336	7940557511.808464
58655.833333333336	9711680484.972301
58720.0	7975259771.753128
58784.166666666664	14580402346.219685
58847.916666666664	6929304518.137997
58912.083333333336	7827441790.669992
58975.833333333336	12881765006.606861
59040.0	8062588707.348325
59104.166666666664	8080158225.12043
59167.916666666664	6023789905.36057
59232.083333333336	3420153485.9209337
59295.833333333336	8132902800.20314
59360.0	8150494923.714601
59424.166666666664	4891447309.432615
59487.916666666664	8185908481.850973
59552.083333333336	8203586292.146729
59615.833333333336	8221267996.785033
59680.0	2668316658.434574
59744.166666666664	5538488694.282713
59807.916666666664	8274699843.023307
59872.083333333336	4311752413.973823
59935.833333333336	2138170065.3117342
60000.0	9363156913.100481
60064.166666666664	8346158842.492704
60127.916666666664	8517647955.253348
60192.083333333336	8382088953.3300295
60255.833333333336	8400094451.46076
60320.0	7489040295.013489
60384.166666666664	8607801168.513037
60447.916666666664	7598932497.579442
60512.083333333336	9040212064.350006
60575.833333333336	8490442767.490868
60640.0	8508528348.241485
60704.166666666664	8526691142.033023
60767.916666666664	1114037876.7691565
60832.083333333336	8563092778.750416
60895.833333333336	6274511400.492367
60960.0	8599568170.717262
61024.166666666664	8617882744.213179
61087.916666666664	8636195355.201931
61152.083333333336	8654505480.282005
61215.833333333336	9042238721.031853
61280.0	7486215883.504406
61344.166666666664	11225302684.664108
61407.916666666664	3683458433.555722
61472.083333333336	8746575552.77422
61535.833333333336	3866354734.793089
61600.0	8783639412.258125
61664.166666666664	11867954741.253147
61727.916666666664	8820767920.654016
61792.083333333336	10707872302.581476
61855.833333333336	11454261326.09082
61920.0	11582603202.451328
61984.166666666664	8895294422.564194
62050.0	8914550150.802155
62114.166666666664	8933289162.762125
62177.916666666664	3053825354.041585
62242.083333333336	9583005718.678469
62305.833333333336	2997939981.74973
62370.0	9008429301.392323
62434.166666666664	5994180263.185429
62497.916666666664	11363259896.501614
62562.083333333336	11461649291.562706
62625.833333333336	16230614695.0833
62690.0	9102882033.25489
62754.166666666664	1961408332.2267227
62817.916666666664	9140878879.205303
62882.083333333336	9193177227.566528
62945.833333333336	15244064472.720068
63010.0	9198063575.704128
63074.166666666664	13000850415.009762
63137.916666666664	9236310870.282803
63202.083333333336	9255415981.423935
63265.833333333336	9274600293.416443
63330.0	16165351837.27399
63394.166666666664	5544615877.009505
63457.916666666664	12627616599.660995
63522.083333333336	13745689765.270048
63585.833333333336	1979665712.9135752
63650.0	9390355000.847994
63714.166666666664	9409722821.652914
63777.916666666664	7695842699.768992
63842.083333333336	9448507287.608845
63905.833333333336	9467923345.310747
63970.0	6745626420.073374
64034.166666666664	9506898728.705133
64097.916666666664	7916940792.2068405
64162.083333333336	9546000500.985132
64225.833333333336	9565623096.982882
64290.0	3276675553.0349274
64354.166666666664	9604813928.358873
64417.916666666664	9624480251.952374
64482.083333333336	13665905921.368727
64545.833333333336	12666649555.78213
64610.0	9683663144.772099
64674.166666666664	14936093667.402079
64737.916666666664	9723118103.259993
64802.083333333336	11598009379.41637
64865.833333333336	5551864657.315034
64930.0	9782701418.418139
64994.166666666664	9802587470.972853
65057.916666666664	9822450870.103497
65122.083333333336	9842499020.125492
65185.833333333336	9862420151.365362
65250.0	9882422086.53967
65314.166666666664	4545055047.170573
65377.916666666664	9922458765.675303
65442.083333333336	8190485788.402217
65505.833333333336	9962714518.016296
65570.0	13990539958.076426
65634.16666666667	7118986057.941235
65700.0	13152460346.654137
65764.16666666667	10043997160.044533
65827.91666666667	10064198979.670904
65892.08333333333	8531516583.559012
65955.83333333333	14019923695.434542
66020.0	9663588039.152676
66084.16666666667	14950024220.529491
66147.91666666667	14129296528.241781
66212.08333333333	10186245346.773996
66275.83333333333	10206688214.55334
66340.0	10227213301.290592
66404.16666666667	10247708267.38655
66467.91666666667	10268172253.048319
66532.08333333333	10288718132.658764
66595.83333333333	10309346398.795336
66660.0	10329942893.149012
66724.16666666667	10350506737.739346
66787.91666666667	10371152618.639013
66852.08333333333	12944748843.37753
66915.83333333333	16725442559.03989
66980.0	5818320671.08943
67044.16666666667	8986617438.994026
67107.91666666667	12212193066.82465
67172.08333333333	10495713115.95334
67235.83333333333	15091680194.40343
67300.0	10537423602.50497
67364.16666666667	10558343522.757708
67427.91666666667	17899454345.97438
67492.08333333333	10600192082.506224
67555.83333333333	10621119801.477245
67620.0	9278375576.514996
67684.16666666667	10663224124.884527
67747.91666666667	14631711760.639565
67812.08333333333	10210122829.781528
67875.83333333333	14695357618.485147
67940.0	10747573384.96058
68004.16666666667	17767948373.4854
68067.91666666667	10789937683.686312
68132.08333333333	10811245322.631397
68195.83333333333	3718102966.562359
68260.0	6592220303.085016
68324.16666666667	10875040778.257399
68387.91666666667	10896431044.97028
68452.08333333333	10917777547.850298
68515.83333333333	14888501106.625854
68580.0	10960593370.20299
68644.16666666667	10982062667.04481
68707.91666666667	11003486141.780125
68772.08333333333	16757605067.387398
68835.83333333333	9336389248.306189
68900.0	16336680816.616617
68964.16666666667	11278484684.748894
69027.91666666667	11111338986.450096
69092.08333333333	11133003957.55935
69155.83333333333	16651121497.346382
69220.0	11176319917.91011
69284.16666666667	13145093382.870947
69350.0	11220515333.398191
69414.16666666667	9072697033.015558
69477.91666666667	7717552880.767778
69542.08333333333	11285962103.244364
69605.83333333333	11307764498.870634
69670.0	5041568522.808296
69734.16666666667	11970079233.472712
69797.91666666667	11373541058.829847
69862.08333333333	11395543942.159449
69925.83333333333	15450022867.443356
69990.0	16553694668.759993
70054.16666666667	11461642896.565886
70117.91666666667	7784333626.197958
70182.08333333333	13332488357.722023
70245.83333333333	12108372695.751999
70310.0	10478452173.591814
70374.16666666667	17764895424.477364
70437.91666666667	11594579106.067604
70502.08333333333	10024715255.9439
70565.83333333333	15207879187.130949
70630.0	4955625322.131482
70694.16666666667	11683805125.02412
70757.91666666667	11706289807.356188
70822.08333333333	7911666841.877638
70885.83333333333	8584626206.349171
70950.0	11773521376.901285
71014.16666666667	9791623135.728556
71077.91666666667	11818522963.390602
71142.08333333333	11841228337.159298
71205.83333333333	11148674876.845127
71270.0	11886294570.166622
71334.16666666667	5144932934.565293
71397.91666666667	11931705146.58658
71462.08333333333	10573718601.541275
71525.83333333333	11977001619.4686
71590.0	11999856429.866894
71654.16666666667	19419165137.60738
71717.91666666667	8219266915.3118515
71782.08333333333	17766639047.55949
71845.83333333333	5218210888.910733
71910.0	12114032186.755434
71974.16666666667	12136938628.43194
72037.91666666667	6546587783.549842
72102.08333333333	15210530988.684666
72165.83333333333	5895062681.464716
72230.0	10538088410.52181
72294.16666666667	5237790280.810528
72357.91666666667	12275245846.608984
72422.08333333333	12298279065.55554
72485.83333333333	12321562009.744572
72550.0	12344605796.878311
72614.16666666667	13000753335.918463
72677.91666666667	15616028824.516605
72742.08333333333	12414422826.022043
72805.83333333333	7096076593.08076
72870.0	6618137215.6043
72934.16666666667	7737992764.090558
73000.0	16022135605.157671
