t(days)	RNP(psia2/cp-D/Mscf)
0.25	222668042.0935448
0.33040833333333336	1956511.4924027447
0.4861958333333333	196477862.3847945
0.7977666666666666	199751729.51527333
1.4209083333333332	32029553.501123663
2.667195833333333	159312977.82825017
5.07725	240677320.53075096
9.897375	113027800.46867122
19.198041666666665	240815919.0384464
35.644875	52672312.43983054
66.05958333333334	213297682.7818269
124.99208333333333	119403943.12701425
188.99208333333334	310466460.36955595
252.99208333333334	223500219.95155537
316.99208333333337	73193310.96008419
380.9920833333333	81029511.38735723
444.9916666666666	88246151.82561645
508.9916666666666	94960250.1037196
572.9916666666667	153570647.75624892
636.9916666666667	47507017.82508552
700.9916666666667	292642941.8134679
764.9916666666667	118240033.64701241
828.9916666666667	292795887.06288207
892.9916666666667	128356932.61397581
956.9916666666667	80703341.03020802
1020.9916666666667	89163242.54467219
1084.9916666666666	92058039.61743945
1148.9916666666666	178358252.8969082
1212.9916666666666	150776299.6491076
1276.9916666666666	407915691.90456957
1340.9916666666666	119834452.79112056
1404.9916666666668	162794908.65718612
1468.9916666666668	166616873.85877645
1532.9916666666668	170358081.7113927
1596.9916666666668	137194786.53611302
1660.9916666666668	213853964.20715123
1724.9916666666668	125264795.78792083
1788.9916666666668	331402944.9672251
1852.9916666666668	323015942.9444307
1916.9916666666668	133016589.86125806
1980.9916666666668	194711345.23127073
2044.9916666666668	164043784.90710697
2108.991666666667	190608177.31873044
2172.991666666667	193178318.17633948
2236.991666666667	207544703.51001856
2300.991666666667	3804665.7350984514
2364.991666666667	468618214.94230646
2428.991666666667	392819651.609475
2492.991666666667	31456347.84184879
2556.991666666667	145601369.72100437
2620.991666666667	180273088.69694003
2684.991666666667	27056258.994143933
2748.991666666667	231698187.59576446
2812.991666666667	329874805.6332589
2876.991666666667	275793449.5039814
2940.991666666667	320009039.29837245
3004.991666666667	264484994.03368682
3068.991666666667	185400027.45235214
3132.991666666667	454371782.9632554
3196.991666666667	251824186.4712152
3260.991666666667	328016039.78459114
3324.991666666667	219925356.62758666
3388.991666666667	260288190.32230496
3452.991666666667	197156189.16269416
3516.991666666667	95590356.94009387
3580.991666666667	100460023.62738034
3650.0	400401953.2316615
3714.0	211252394.70807344
3778.0	277283602.12009203
3842.0	280069713.6833629
3906.0	488154231.1562843
3970.0	509868749.0344337
4034.0	288424511.00431275
4098.0	228987163.2129712
4162.0	2339334172.28828
4226.0	945397945.7501248
4290.0	299576357.2538301
4354.0	1459123251.999824
4418.0	305165523.374914
4482.0	2728424822.355246
4546.0	2243832219.0170054
4610.0	313573941.2485879
4674.0	2566448978.186555
4738.0	2859423836.6153445
4802.0	1138681276.538636
4866.0	1555696531.6670823
4930.0	1844236851.2241762
4994.0	1968449365.5059721
5058.0	2350721935.50089
5122.0	3292324808.737077
5186.0	2379443836.784602
5250.0	341921580.3480016
5314.0	1718452279.0599194
5378.0	492643746.82868755
5442.0	350547599.16987944
5506.0	3183463127.7226996
5570.0	155333989.28419164
5634.0	436267192.7863209
5698.0	362150131.0718024
5762.0	365070788.2935507
5826.0	3005854775.573529
5890.0	370934479.3843298
5954.0	1936033258.709759
6018.0	376832388.5205003
6082.0	2393095536.8638983
6146.0	1381257530.0243587
6210.0	369931245.6964143
6274.0	1293639155.996303
6338.0	3299802099.0282526
6402.0	3475026980.10526
6466.0	2364656120.774555
6530.0	400766857.2159577
6594.0	3364246514.1268935
6658.0	180892446.50822374
6722.0	3366003991.3637547
6786.0	1294815866.1234436
6850.0	638588925.7873912
6914.0	3232264880.336026
6978.0	282281520.65234065
7042.0	601899314.702722
7106.0	428399017.1894345
7170.0	486487972.8505008
7234.0	1305059759.6394753
7300.0	437882267.2112007
7364.0	487685550.67646825
7428.0	1462650216.1278818
7492.0	1011399060.7042801
7556.0	3331722708.6391163
7620.0	453724022.9539432
7684.0	1488722279.161477
7748.0	3506739470.5239525
7812.0	505232458.69919443
7876.0	466582543.2489166
7940.0	3499196895.472292
8004.0	2366938485.3819747
8068.0	476332663.6456929
8132.0	3061498233.4145536
8196.0	97458145.09779233
8260.0	3347600619.3428144
8324.0	2987577992.2923756
8388.0	3086997575.50892
8452.0	1586610767.9432788
8516.0	409135293.80358124
8580.0	502807598.51110023
8644.0	1870624165.9484816
8708.0	3218796789.9421635
8772.0	512910635.6674675
8836.0	2239782127.162799
8900.0	1167299796.9382317
8964.0	3594438161.6629405
9028.0	526537336.2699547
9092.0	393132036.6718596
9156.0	1948900139.128451
9220.0	536873389.7747666
9284.0	1155523034.744365
9348.0	543821938.0881422
9412.0	3539102876.672724
9476.0	3132246315.5675597
9540.0	1648132128.4398327
9604.0	262440161.03261596
9668.0	3090818211.780795
9732.0	564928353.2492726
9796.0	3580071787.2562184
9860.0	1109194054.3235602
9924.0	1089638233.5601645
9988.0	1427981647.7658753
10052.0	582829343.1133891
10116.0	586446755.120665
10180.0	2239773785.508449
10244.0	593711917.5575542
10308.0	667399777.0341465
10372.0	3035027487.805345
10436.0	604694153.0511243
10500.0	2648231474.3634562
10564.0	1182835259.5268683
10628.0	1183198836.7877512
10692.0	1195697540.3741736
10756.0	623231725.4235784
10820.0	1647737301.3028686
10884.0	630728633.8644519
10950.0	634616525.0717988
11014.0	2635039220.2601914
11078.0	1335373211.3460162
11142.0	645985302.583427
11206.0	712014435.9077861
11270.0	2220679451.885877
11334.0	1019182199.2669562
11398.0	523129172.39940214
11462.0	3533389686.130789
11526.0	1477413680.5142012
11590.0	2671556478.968815
11654.0	676840912.2831342
11718.0	1627808138.6207204
11782.0	3352975635.9398203
11846.0	2950335322.7184653
11910.0	639153267.7390163
11974.0	1684452357.336402
12038.0	2192642647.376266
12102.0	1314803113.605299
12166.0	708465429.05734
12230.0	1469934943.1892629
12294.0	484913487.8967414
12358.0	720532070.5159533
12422.0	724576568.4243668
12486.0	629057438.0948129
12550.0	732705251.7233602
12614.0	178709436.9805466
12678.0	574303827.9773307
12742.0	744992567.5346774
12806.0	3500882939.3893313
12870.0	3353006079.2715364
12934.0	2662165741.063409
12998.0	3073711040.8096986
13062.0	2004499795.292004
13126.0	769896319.5440717
13190.0	3460903519.856945
13254.0	778304787.4594803
13318.0	1109437097.1346812
13382.0	3292474582.3259735
13446.0	790998601.7831283
13510.0	1246906420.0704668
13574.0	799533409.0838422
13638.0	803814712.479204
13702.0	3012502190.631809
13766.0	1774254569.0777361
13830.0	1285327283.6202173
13894.0	821082368.6317128
13958.0	825429802.1729325
14022.0	3941030.8291811943
14086.0	1629153673.7473273
14150.0	838556298.7386442
14214.0	842953803.443602
14278.0	847366812.5025461
14342.0	1990183299.7360005
14406.0	856230498.3983426
14470.0	3181825554.6019936
14534.0	2900130579.380915
14600.0	2044318512.3032603
14664.0	2642045764.746791
14728.0	1770231377.7228746
14792.0	1438775726.3589196
14856.0	3499550831.5714264
14920.0	1402412152.742004
14984.0	3288727672.864903
15048.0	901479901.2447056
15112.0	321602645.9962877
15176.0	1652352756.690433
15240.0	1226373488.0714936
15304.0	410731276.29187924
15368.0	2756526657.8637543
15432.0	941797296.2992542
15496.0	2736364257.371675
15560.0	1203671425.4447784
15624.0	3025515177.2969837
15688.0	770285377.2529974
15752.0	767984055.979408
15816.0	1662419869.7816439
15880.0	395190050.64132
15944.0	2507115444.8517327
16008.0	3881592312.410788
16072.0	2124629489.1152444
16136.0	2143443863.1351802
16200.0	3583399289.9684253
16264.0	1623401728.0172806
16328.0	2930288851.688368
16392.0	2572463555.7438684
16456.0	1005405533.847665
16520.0	1794349497.9173198
16584.0	2117197776.8159876
16648.0	1732878188.5626266
16712.0	1525264412.3273373
16776.0	857521377.1740361
16840.0	280148131.6151378
16904.0	2501487003.3691387
16968.0	3023644489.676216
17032.0	2736113924.0046153
17096.0	4106816561.780086
17160.0	4074058303.777666
17224.0	4013344633.27358
17288.0	1069904246.1144958
17352.0	1193140092.372027
17416.0	734594316.1690738
17480.0	2732166889.0110235
17544.0	1268807969.3861945
17608.0	1095333096.5937655
17672.0	3490635572.6335363
17736.0	111054129.89031363
17800.0	969671687.6362033
17864.0	914764916.3541404
17928.0	938438053.2596592
17992.0	4196207205.1191635
18056.0	1131521577.4536808
18120.0	457892141.752262
18184.0	1538641946.959033
18250.0	3629670042.787278
18314.0	1152674263.8861942
18378.0	4099921131.7512627
18442.0	9245665.998095036
18506.0	557055504.8805636
18570.0	3994158980.387191
18634.0	1582766056.9373293
18698.0	1184585527.1137567
18762.0	3674067931.052085
18826.0	2273759111.4518456
18890.0	895219187.1014774
18954.0	1231922892.4031134
19018.0	2303985477.885018
19082.0	2993407532.2889524
19146.0	1222463435.445184
19210.0	1227931093.1935768
19274.0	1233413553.2078488
19338.0	2223013872.4798465
19402.0	721449491.9153281
19466.0	1249948783.547474
19530.0	921572538.5214021
19594.0	3441786277.3700943
19658.0	516777704.8572991
19722.0	1272205041.8748465
19786.0	1277803144.39766
19850.0	3535059266.8491793
19914.0	2155786409.958187
19978.0	4059813930.2990794
20042.0	1300342676.9294183
20106.0	2096148606.9332235
20170.0	1131805945.5774264
20234.0	3646082207.2555504
20298.0	1323115815.0958917
20362.0	321752501.01594937
20426.0	714028740.4989715
20490.0	789218537.7097743
20554.0	1346130119.3746
20618.0	2735310313.1414833
20682.0	426472182.1598877
20746.0	148806827.01987743
20810.0	597083745.275974
20874.0	372991520.2045691
20938.0	1381085380.4253027
21002.0	1386963460.526542
21066.0	1658839839.2976267
21130.0	3208678425.028389
21194.0	1404691878.1218488
21258.0	2206958050.7728434
21322.0	2338378332.91216
21386.0	2393339993.2305517
21450.0	3355585024.458803
21514.0	3538915878.416834
21578.0	2487058097.736368
21642.0	1446571883.2916212
21706.0	445738994.3330934
21770.0	266802112.2321515
21834.0	153015776.65596867
21900.0	1471027232.8947997
21964.0	3333032265.6084175
22028.0	1483250803.374254
22092.0	1489384264.4254825
22156.0	1495535016.4691732
22220.0	822790394.5494717
22284.0	3391237676.1538258
22348.0	3599449139.2714653
22412.0	2971637340.593235
22476.0	1745127784.300479
22540.0	1532748028.425262
22604.0	3774304029.1818438
22668.0	3286058311.4557323
22732.0	4584170023.854109
22796.0	1762630409.7482772
22860.0	315981363.3552563
22924.0	1236489536.9401248
22988.0	62777867.38869262
23052.0	3427570451.3208647
23116.0	2804740120.6970243
23180.0	1981102654.79588
23244.0	196712900.39866424
23308.0	443159510.2907276
23372.0	2335020455.6423807
23436.0	112378343.1488688
23500.0	2706605793.027924
23564.0	902384733.3708931
23628.0	28595916.016489744
23692.0	2440640102.1612415
23756.0	1384214131.3245265
23820.0	1045032688.5355316
23884.0	3153007647.0744395
23948.0	2662210177.4055476
24012.0	1680540665.4364808
24076.0	1124972551.6177454
24140.0	4394320451.853367
24204.0	4780086722.4272785
24268.0	2858576433.8732724
24332.0	1713753836.6598473
24396.0	2739244336.9145756
24460.0	3165656426.4439435
24524.0	3346989591.5132074
24588.0	2192670984.516708
24652.0	1954726647.2978716
24716.0	3610652213.313384
24780.0	1306409986.5109107
24844.0	1458615590.5097957
24908.0	224702830.06728053
24972.0	1781374391.9994764
25036.0	2459680548.2831936
25100.0	1795086812.9898732
25164.0	1801964926.4149287
25228.0	1801724730.2819133
25292.0	1815774218.2293003
25356.0	696861079.3054633
25420.0	2609248840.3255787
25484.0	534477082.3715527
25550.0	1061612066.9587574
25614.0	160234166.91003084
25678.0	1857797034.6290512
25742.0	1864825007.702265
25806.0	3748858957.9529386
25870.0	1878924091.461428
25934.0	187972158.9792943
25998.0	1895293907.1899142
26062.0	1939098693.9133596
26126.0	1907314227.017773
26190.0	1914450819.7054086
26254.0	4725791758.265445
26318.0	4847694727.787705
26382.0	1599649764.4361231
26446.0	4014274924.551632
26510.0	285426385.4478407
26574.0	1957618509.9249437
26638.0	1876117608.396976
26702.0	1972141296.324491
26766.0	4839023161.551602
26830.0	2400356327.536639
26894.0	1994041348.256834
26958.0	1285547819.1423345
27022.0	3637552580.72934
27086.0	2539179032.991671
27150.0	379214092.7273319
27214.0	5005210297.857497
27278.0	1371634818.6980238
27342.0	2045716915.1796057
27406.0	3329022727.6807947
27470.0	1530215216.9399981
27534.0	2735758087.870667
27598.0	4408797902.303751
27662.0	4569562623.4195175
27726.0	4000766298.9539156
27790.0	3763937687.343119
27854.0	2105758591.1575634
27918.0	2113337355.9102945
27982.0	4421879061.459751
28046.0	2128547758.9087274
28110.0	4474175968.574276
28174.0	2143825602.1690476
28238.0	2997060334.8930316
28302.0	853156030.6358912
28366.0	4535445847.273462
28430.0	2174581273.9207
28494.0	2182311341.7356935
28558.0	2190055333.6017003
28622.0	995187070.3063536
28686.0	3948677748.5003223
28750.0	3603147477.7282133
28814.0	2291084412.936184
28878.0	2229037860.106977
28942.0	1977901279.9574556
29006.0	2244747160.21535
29070.0	1936095277.662143
29134.0	433854967.887717
29200.0	386784689.11685205
29264.0	699401726.8731189
29328.0	2284580233.8936095
29392.0	4561817687.288158
29456.0	2300527649.543567
29520.0	1445165382.3040159
29584.0	245084542.40649176
29648.0	2324580302.4288573
29712.0	2332632058.0567093
29776.0	3285331203.721402
29840.0	1540289451.5879223
29904.0	195345227.8425169
29968.0	2365001981.668559
30032.0	2373136990.2698927
30096.0	2703608171.476592
30160.0	4615844543.374645
30224.0	2971542121.9944506
30288.0	2157789698.74829
30352.0	3606008841.765273
30416.0	705213967.0455496
30480.0	2430570037.695368
30544.0	1240252046.35456
30608.0	4072872.489783287
30672.0	4833546660.155287
30736.0	904824456.7792442
30800.0	5236113448.592279
30864.0	763184833.5255156
30928.0	485066544.5800588
30992.0	2497254713.9807196
31056.0	2505658723.2433043
31120.0	278065260.986783
31184.0	1715250968.4964123
31248.0	4741684026.336012
31312.0	2539480819.0216036
31376.0	3569521547.035037
31440.0	4726864095.589108
31504.0	2565019663.776648
31568.0	2957668022.33943
31632.0	2582141808.376651
31696.0	589628462.8540499
31760.0	393834090.3295865
31824.0	3184961606.5731096
31888.0	758653846.8561687
31952.0	5427695793.079346
32016.0	2633923489.0166874
32080.0	2642613788.215517
32144.0	2651323856.99282
32208.0	1858036448.3438535
32272.0	2668794937.227181
32336.0	3878704015.157815
32400.0	4070986850.035758
32464.0	3436104331.223443
32528.0	1081406398.7951982
32592.0	5102317537.9853115
32656.0	3271579826.9157686
32720.0	536938859.5440764
32784.0	4026120980.7670593
32850.0	244740434.67235088
32914.0	5468210984.87533
32978.0	2766423715.3015714
33042.0	602199505.8393903
33106.0	3999928397.779229
33170.0	5240657512.025814
33234.0	745611863.3057745
33298.0	2811390792.3214264
33362.0	2820430277.965133
33426.0	2829493671.3740325
33490.0	5802972523.521295
33554.0	2847674350.1731696
33618.0	824991846.9951148
33682.0	2361221287.4991784
33746.0	5121111283.974287
33810.0	2181540973.9508176
33874.0	1762514104.0559201
33938.0	4575029398.981173
34002.0	2396760507.881387
34066.0	2598008658.2105994
34130.0	4247342716.105757
34194.0	2044287100.164857
34258.0	5092638401.259018
34322.0	1807080735.6675692
34386.0	261079833.38449812
34450.0	669066464.5114098
34514.0	4208393470.580326
34578.0	1377092676.152548
34642.0	4450965804.743617
34706.0	1030174909.4038453
34770.0	2922319831.269127
34834.0	544712004.6034727
34898.0	3042944884.9583344
34962.0	4114059263.99483
35026.0	4881142317.364624
35090.0	3071485171.6897235
35154.0	461206979.2418628
35218.0	4315327053.947588
35282.0	5551384536.877964
35346.0	3670039776.796556
35410.0	5015507939.801194
35474.0	5066773746.805191
35538.0	1534085240.189053
35602.0	6152906237.267681
35666.0	5267546479.25048
35730.0	5242528348.746753
35794.0	3177578534.437414
35858.0	3187328945.797919
35922.0	3197106431.485598
35986.0	2234400022.57866
36050.0	4243516972.1758156
36114.0	3226544859.920425
36178.0	841864103.4926591
36242.0	3919551294.064385
36306.0	3256143082.0075235
36370.0	3266038506.3413596
36434.0	1837851750.224872
36500.0	1319044685.1158297
36564.0	2782298091.4036856
36628.0	3904612603.4231825
36692.0	4270142946.763341
36756.0	6349275806.965909
36820.0	3785389490.281448
36884.0	961602786.1447668
36948.0	1872050004.3162887
37012.0	1579017136.7770698
37076.0	977358512.4025145
37140.0	6136169152.875555
37204.0	1032215555.6122136
37268.0	2809228175.7119036
37332.0	1380969394.4774666
37396.0	3427349898.1552067
37460.0	3437578450.495477
37524.0	1244872282.9875321
37588.0	3458091317.564527
37652.0	2707833474.2756147
37716.0	3478655421.8693924
37780.0	3488970605.291941
37844.0	5103819307.52648
37908.0	968395577.8946233
37972.0	4155398345.103696
38036.0	6591833163.432312
38100.0	6475606125.539648
38164.0	3551247977.0907927
38228.0	6514763606.691595
38292.0	6548063161.081884
38356.0	5766843373.898431
38420.0	3593160597.6551776
38484.0	4397013139.407502
38548.0	3614230434.058796
38612.0	3624787699.1421776
38676.0	3635378420.630545
38740.0	3645974077.51118
38804.0	5466246537.83151
38868.0	1206599407.208592
38932.0	1905542961.0419788
38996.0	1232933085.0271077
39060.0	6276737152.536109
39124.0	2150928041.83617
39188.0	1707119296.5830028
39252.0	1277376171.776452
39316.0	3742262191.8224297
39380.0	1286564883.9420266
39444.0	3763873906.944391
39508.0	3774697093.8102646
39572.0	6061558520.683945
39636.0	6023072958.26778
39700.0	4106559903.0308385
39764.0	4316078576.910618
39828.0	4394162222.92393
39892.0	1032519442.8439012
39956.0	3851090386.6994653
40020.0	824999037.2143741
40084.0	9292017678.793192
40150.0	9004336476.02852
40214.0	2211744362.4227448
40278.0	10696044819.886646
40342.0	6561282000.553127
40406.0	5339478224.156677
40470.0	5219086227.7761
40534.0	9013327502.812168
40598.0	9629033270.853777
40662.0	9116840688.358315
40726.0	5864579677.931399
40790.0	7342324329.071281
40854.0	5766654390.656936
40918.0	5580183850.510204
40982.0	8500297859.756306
41046.0	3872519467.046813
41110.0	8641831782.045986
41174.0	4735917707.343562
41238.0	10731160750.656366
41302.0	8278420429.882566
41366.0	1540888875.9041991
41430.0	4109127640.0982203
41494.0	1241011393.2452264
41558.0	7635329036.223689
41622.0	1228146944.783832
41685.833333333336	6545995736.431164
41750.0	4905768391.057148
41814.166666666664	10076926649.403366
41877.916666666664	9025889170.679127
41942.083333333336	9502049451.86985
42005.833333333336	5924997840.509323
42070.0	10593302003.800358
42134.166666666664	4236081985.753965
42197.916666666664	7352168233.100552
42262.083333333336	4259423737.175446
42325.833333333336	10392467136.107601
42390.0	4282827056.606245
42454.166666666664	2663982150.2126136
42517.916666666664	9036287853.046757
42582.083333333336	4318097677.6009655
42645.833333333336	9893108353.1447
42710.0	1213177370.5827103
42774.166666666664	4353567087.558338
42837.916666666664	4365431337.420538
42902.083333333336	2901488092.122322
42965.833333333336	5561204628.327347
43030.0	7519535889.39596
43094.166666666664	2364793408.656168
43157.916666666664	5210632952.73575
43222.083333333336	4437024103.338847
43285.833333333336	4449029187.890715
43350.0	341749586.1394396
43414.166666666664	11319071631.110128
43477.916666666664	463274702.43357563
43542.083333333336	4497249863.946723
43605.833333333336	4509365018.237367
43670.0	4521479723.687185
43734.166666666664	4533637613.896869
43800.0	8928695475.677572
43864.166666666664	3807468710.089617
43927.916666666664	4570574109.867241
43992.083333333336	4582794715.730096
44055.833333333336	12053319465.383099
44120.0	2932685076.1101046
44184.166666666664	674734741.9153929
44247.916666666664	2281057824.292306
44312.083333333336	11585930085.754906
44375.833333333336	3653416363.1060495
44440.0	9406677055.067982
44504.166666666664	4681314740.351623
44567.916666666664	8775952405.385567
44632.083333333336	4706146099.068812
44695.833333333336	4718601018.272391
44760.0	4676710530.691004
44824.166666666664	8835265397.813852
44887.916666666664	4756121424.562286
44952.083333333336	11923052250.15418
45015.833333333336	4781214468.752968
45080.0	4793798815.551422
45144.166666666664	6846669475.457526
45207.916666666664	4819017578.025405
45272.083333333336	6709572234.784877
45335.833333333336	4844326569.422638
45400.0	4857017648.792898
45464.166666666664	10452604757.059849
45527.916666666664	1246603535.3251276
45592.083333333336	9831145261.89775
45655.833333333336	6669281666.736456
45720.0	4663159852.054849
45784.166666666664	2839903313.0697775
45847.916666666664	4946358192.816922
45912.083333333336	3139247498.0728455
45975.833333333336	9149350349.661787
46040.0	3420191437.397463
46104.166666666664	4997862005.724692
46167.916666666664	5010777837.955661
46232.083333333336	5023733481.831191
46295.833333333336	3002438963.930135
46360.0	1305973544.7025733
46424.166666666664	1907515719.718841
46487.916666666664	5075734693.360928
46552.083333333336	10694960824.637518
46615.833333333336	5101889382.004619
46680.0	5114983731.384389
46744.166666666664	9557290817.247215
46807.916666666664	12481572899.420944
46872.083333333336	2661399780.879798
46935.833333333336	10492419052.107464
47000.0	7368544599.176095
47064.166666666664	8277171241.98896
47127.916666666664	9848218199.45541
47192.083333333336	5904382395.852982
47255.833333333336	9435501421.952356
47320.0	3820630734.0970855
47384.166666666664	5260522294.38024
47450.0	5055989353.04923
47514.166666666664	2188130535.5870066
47577.916666666664	3185513914.4710097
47642.083333333336	12705057065.412216
47705.833333333336	5441305185.659514
47770.0	5341373052.828788
47834.166666666664	5354864472.877762
47897.916666666664	11100581761.151237
47962.083333333336	4371053545.496957
48025.833333333336	12131211148.6406
48090.0	4351199277.789399
48154.166666666664	5422630190.43096
48217.916666666664	1533593905.0964293
48282.083333333336	5188604923.994616
48345.833333333336	6326147502.963638
48410.0	691788215.954422
48474.166666666664	1309329618.1100245
48537.916666666664	12052105891.636494
48602.083333333336	5518380025.638565
48665.833333333336	535236221.4501753
48730.0	5545936411.570091
48794.166666666664	11091745471.116413
48857.916666666664	5573569113.472228
48922.083333333336	1804486709.4917412
48985.833333333336	4529843575.944523
49050.0	5386146959.435175
49114.166666666664	9017221954.997763
49177.916666666664	10513527041.442886
49242.083333333336	5657009529.750284
49305.833333333336	7791898564.238551
49370.0	1024569097.3656092
49434.166666666664	7888671580.670389
49497.916666666664	4954031077.415231
49562.083333333336	12799876650.470497
49625.833333333336	1667855892.292368
49690.0	10972432719.081356
49754.166666666664	11468636543.832394
49817.916666666664	5783635648.021964
49882.083333333336	9050340818.42034
49945.833333333336	5812024160.192131
50010.0	5826250233.777256
50074.166666666664	9223801187.493116
50137.916666666664	3232403169.5178704
50202.083333333336	5764520253.827116
50265.833333333336	5883374306.02276
50330.0	11284609862.448261
50394.166666666664	4529982009.593855
50457.916666666664	532484766.3590517
50522.083333333336	5940833167.438268
50585.833333333336	8078807023.983543
50650.0	5969717483.589453
50714.166666666664	5984149792.923714
50777.916666666664	10182718271.815243
50842.083333333336	13116154233.616982
50905.833333333336	3314338418.630434
50970.0	11831056756.700874
51034.166666666664	8939579628.664715
51100.0	6071874118.24143
51164.166666666664	5682408629.167321
51227.916666666664	5269242643.954398
51292.083333333336	4219693425.136364
51355.833333333336	1856728601.5449834
51420.0	6145241761.928336
51484.166666666664	2586777919.6904144
51547.916666666664	12502083743.719446
51612.083333333336	5873524578.0887575
51675.833333333336	6204314868.833972
51740.0	2068503454.4524636
51804.166666666664	6136537646.239385
51867.916666666664	6248887891.901641
51932.083333333336	10573278660.654875
51995.833333333336	6278692478.9284725
52060.0	1581696202.2441092
52124.166666666664	1776220914.8704548
52187.916666666664	6323614024.134357
52252.083333333336	594521161.3042717
52315.833333333336	2581391923.7381897
52380.0	3074270868.7493324
52444.166666666664	5707755933.27124
52507.916666666664	11069029229.264599
52572.083333333336	9460207771.836933
52635.833333333336	316594623.808774
52700.0	11972251483.26242
52764.166666666664	9590642142.4575
52827.916666666664	9031237709.516163
52892.083333333336	3326383044.0277133
52955.833333333336	9430073988.869963
53020.0	6520407359.349053
53084.166666666664	7799735513.471184
53147.916666666664	1245616682.757348
53212.083333333336	9431988902.271442
53275.833333333336	6581781866.582132
53340.0	11247100915.899769
53404.166666666664	6612599042.559266
53467.916666666664	11013153390.630411
53532.083333333336	3407565742.2573304
53595.833333333336	858634776.1551723
53660.0	7850908718.746976
53724.166666666664	7502512761.229858
53787.916666666664	8358220029.3066025
53852.083333333336	7578021207.592054
53915.833333333336	2429318506.3171606
53980.0	9910991455.36125
54044.166666666664	4568171747.631247
54107.916666666664	6783752067.087331
54172.083333333336	9675085055.652033
54235.833333333336	2180694559.434654
54300.0	5493587570.932856
54364.166666666664	3410556420.6572433
54427.916666666664	6862432826.857343
54492.083333333336	6878256336.146969
54555.833333333336	6894101918.118256
54620.0	5828331162.458773
54684.166666666664	5868952520.961507
54750.0	2547577249.521249
54814.166666666664	1767932997.6069221
54877.916666666664	6974071867.906921
54942.083333333336	6990047503.0721655
55005.833333333336	6321122819.111885
55070.0	7967895580.036578
55134.166666666664	6755461299.972542
55197.916666666664	5172102124.339164
55262.083333333336	7070230520.860908
55325.833333333336	9275658603.488838
55390.0	7102495954.181585
55454.166666666664	1010989313.0256367
55517.916666666664	6462033255.152922
55582.083333333336	7151065439.684408
55645.833333333336	7167311227.650085
55710.0	6053661525.622515
55774.166666666664	5820200365.937979
55837.916666666664	7808074010.389293
55902.083333333336	10363746493.863468
55965.833333333336	667160734.5073881
56030.0	7265223022.443241
56094.166666666664	7281593434.605065
56157.916666666664	6941246099.788153
56222.083333333336	5661199156.849474
56285.833333333336	12061282279.928646
56350.0	5077358386.72418
56414.166666666664	11731615346.79842
56477.916666666664	7380566885.623798
56542.083333333336	7397109060.190007
56605.833333333336	842070061.7870178
56670.0	12700925111.928719
56734.166666666664	7446945156.661197
56797.916666666664	114299992.94514751
56862.083333333336	7591127336.18206
56925.833333333336	5234978008.723153
56990.0	1201237576.7775593
57054.166666666664	7530519175.046901
57117.916666666664	12437604349.364195
57182.083333333336	2929509130.819563
57245.833333333336	5189698011.068583
57310.0	14294326146.502848
57374.166666666664	12116190360.494707
57437.916666666664	3659907284.3032837
57502.083333333336	7648473627.132955
57565.833333333336	7665482274.235644
57630.0	14337248244.556267
57694.166666666664	9574073849.957973
57757.916666666664	7716453295.228058
57822.083333333336	13853160278.57122
57885.833333333336	4566733882.259409
57950.0	7767652877.672171
58014.166666666664	7784805607.923234
58077.916666666664	3764714714.240273
58142.083333333336	10107500879.68799
58205.833333333336	5061034239.877997
58270.0	1448438868.2890654
58334.166666666664	682092108.5045443
58400.0	7888598617.088036
58464.166666666664	7905887300.963681
58527.916666666664	7923184479.155889
58592.083333333336	6104019905.187775
58655.833333333336	11888773252.928772
58720.0	7975259771.753128
58784.166666666664	4377622427.323669
58847.916666666664	8185507565.0760975
58912.083333333336	3487039696.9698677
58975.833333333336	7254823429.207775
59040.0	13535838721.677063
59104.166666666664	13055022285.962616
59167.916666666664	6884768695.726282
59232.083333333336	5960807069.684477
59295.833333333336	2889958940.689291
59360.0	4100573472.347604
59424.166666666664	8168163318.565993
59487.916666666664	8185908481.850973
59552.083333333336	8203586292.146729
59615.833333333336	9060509175.62463
59680.0	8698636410.706831
59744.166666666664	14946645677.54993
59807.916666666664	11905363815.123928
59872.083333333336	8292541987.1521435
59935.833333333336	7316230314.194107
60000.0	13937523196.851254
60064.166666666664	4701772901.396385
60127.916666666664	9783515621.375992
60192.083333333336	8382088953.3300295
60255.833333333336	8432283637.818542
60320.0	8418101329.100719
60384.166666666664	8436109105.481599
60447.916666666664	4027146508.505615
60512.083333333336	2411616784.8497257
60575.833333333336	7460596625.738766
60640.0	15251370340.29
60704.166666666664	15081855860.636282
60767.916666666664	6983740029.348836
60832.083333333336	11149116539.192865
60895.833333333336	4120454194.2555046
60960.0	6006712317.127341
61024.166666666664	13331945090.690548
61087.916666666664	8636195355.201931
61152.083333333336	8654505480.282005
61215.833333333336	6700054140.0440445
61280.0	8691278480.856585
61344.166666666664	12112410183.728737
61407.916666666664	7064070759.976591
61472.083333333336	16179823800.558079
61535.833333333336	8765109574.542263
61600.0	4168036328.736231
61664.166666666664	3785447396.956337
61727.916666666664	8722071183.562664
61792.083333333336	8839366177.643143
61855.833333333336	11566151111.666994
61920.0	2055925311.2022429
61984.166666666664	7325197527.976752
62050.0	8914550150.802155
62114.166666666664	8933289162.762125
62177.916666666664	7551608961.471587
62242.083333333336	8523252908.128441
62305.833333333336	11098018215.447962
62370.0	15665079835.479023
62434.166666666664	5312272252.596078
62497.916666666664	11794665261.803638
62562.083333333336	11475102527.622513
62625.833333333336	11592131397.181395
62690.0	14393054873.435204
62754.166666666664	15222649364.859768
62817.916666666664	1888149805.312049
62882.083333333336	9959762888.27862
62945.833333333336	14280759252.507359
63010.0	15510436645.134344
63074.166666666664	9217193186.801023
63137.916666666664	2753710067.314701
63202.083333333336	2665319462.110217
63265.833333333336	4543827781.003554
63330.0	9293864299.777779
63394.166666666664	3830057745.4294605
63457.916666666664	13633628663.599613
63522.083333333336	3716762938.818514
63585.833333333336	9370972389.86323
63650.0	3690751659.141492
63714.166666666664	6532308584.0096855
63777.916666666664	10817039696.368965
63842.083333333336	13657122030.687445
63905.833333333336	9964759963.239943
63970.0	2942942344.757347
64034.166666666664	9884520129.565567
64097.916666666664	7213027969.484979
64162.083333333336	2883281946.358618
64225.833333333336	9565623096.982882
64290.0	16571925762.427904
64354.166666666664	2789788208.720086
64417.916666666664	14084554664.221235
64482.083333333336	9644127340.255808
64545.833333333336	11318317405.902916
64610.0	15008659117.101059
64674.166666666664	6122224561.760046
64737.916666666664	14534199131.073284
64802.083333333336	12984244143.878128
64865.833333333336	15644255818.294716
64930.0	6486110472.549054
64994.166666666664	8150074626.568417
65057.916666666664	11240652219.666582
65122.083333333336	14165622924.385525
65185.833333333336	5958935593.099596
65250.0	8288490332.905165
65314.166666666664	9902399957.909567
65377.916666666664	5723120171.412964
65442.083333333336	9942599002.681921
65505.833333333336	9243796665.208885
65570.0	9982804514.041044
65634.16666666667	10002975697.470459
65700.0	10023768321.080965
65764.16666666667	4728329373.649961
65827.91666666667	10064198979.670904
65892.08333333333	14831795217.373058
65955.83333333333	8481018640.161965
66020.0	7465179673.291199
66084.16666666667	10145493702.992823
66147.91666666667	11073061296.455482
66212.08333333333	9860919318.389141
66275.83333333333	7261366360.130865
66340.0	11635882379.382809
66404.16666666667	10247708267.38655
66467.91666666667	8066579012.17997
66532.08333333333	7548798891.862413
66595.83333333333	7772871978.742989
66660.0	9097035515.500372
66724.16666666667	11601464271.611012
66787.91666666667	10371152618.639013
66852.08333333333	8314536009.102561
66915.83333333333	10412575964.333384
66980.0	9971898895.077158
67044.16666666667	4998802779.872722
67107.91666666667	5467896893.791149
67172.08333333333	5896045391.790598
67235.83333333333	17768258985.316116
67300.0	6436701425.478498
67364.16666666667	10558343522.757708
67427.91666666667	6060309454.013677
67492.08333333333	15430439247.419163
67555.83333333333	5243363916.539813
67620.0	6759431002.922297
67684.16666666667	4182505949.625784
67747.91666666667	9791874560.456842
67812.08333333333	11502437917.615637
67875.83333333333	17923026103.766792
67940.0	16834474010.119946
68004.16666666667	10768713869.021435
68067.91666666667	11979504052.229609
68132.08333333333	9288005042.172281
68195.83333333333	10832385121.209135
68260.0	3533531571.108056
68324.16666666667	15033373408.23331
68387.91666666667	10896431044.97028
68452.08333333333	16169974222.119572
68515.83333333333	12135434966.36662
68580.0	10960593370.20299
68644.16666666667	10982062667.04481
68707.91666666667	15813247113.130135
68772.08333333333	4771264975.595727
68835.83333333333	8322330631.787983
68900.0	8725481658.483757
68964.16666666667	13944925124.685574
69027.91666666667	17877735005.84294
69092.08333333333	16439808951.297567
69155.83333333333	7867079000.997712
69220.0	17697001958.076527
69284.16666666667	11198104543.79688
69350.0	12921491837.66373
69414.16666666667	4569872572.39321
69477.91666666667	11264107290.094358
69542.08333333333	12104284798.333391
69605.83333333333	6198248853.835565
69670.0	6698209633.401875
69734.16666666667	5380702411.842739
69797.91666666667	11373541058.829847
69862.08333333333	11395543942.159449
69925.83333333333	11417492054.763496
69990.0	11439524875.784145
70054.16666666667	13886690024.886951
70117.91666666667	10478136969.162706
70182.08333333333	18960067985.912766
70245.83333333333	8926613053.886925
70310.0	11550116839.921648
70374.16666666667	7287358328.550737
70437.91666666667	10950303769.573727
70502.08333333333	6275652670.715179
70565.83333333333	11434067933.221775
70630.0	6134443338.6051035
70694.16666666667	15797769173.818398
70757.91666666667	11706289807.356188
70822.08333333333	6904360522.735031
70885.83333333333	8332023420.33814
70950.0	18863309638.44334
71014.16666666667	7783440785.965355
71077.91666666667	6636801723.912088
71142.08333333333	18977626820.0314
71205.83333333333	18381273377.652283
71270.0	12487549355.194344
71334.16666666667	11386427046.639658
71397.91666666667	10017696299.323427
71462.08333333333	9242651878.613213
71525.83333333333	11977001619.4686
71590.0	16135323108.835962
71654.16666666667	7278943449.352897
71717.91666666667	16731788049.915066
71782.08333333333	4914480096.728425
71845.83333333333	4621689361.739849
71910.0	13258190249.02702
71974.16666666667	10539212474.14843
72037.91666666667	5270484914.289122
72102.08333333333	8949584514.051237
72165.83333333333	10442132552.22453
72230.0	13372008159.504278
72294.16666666667	12252137448.251053
72357.91666666667	13120776356.737381
72422.08333333333	12298279065.55554
72485.83333333333	5006350181.945226
72550.0	12344605796.878311
72614.16666666667	9337005016.968473
72677.91666666667	12391117891.679491
72742.08333333333	9506391878.780201
72805.83333333333	18373175532.76578
72870.0	12461129831.352379
72934.16666666667	11758650537.115969
73000.0	11017447369.213604
