t(days)	RNP(psia2/cp-D/Mscf)
0.25	113084270.25886542
0.33040833333333336	1956511.4924027447
0.4861958333333333	105873624.30847941
0.7977666666666666	70507733.82169934
1.4209083333333332	4695343.309827343
2.667195833333333	211287575.32911283
5.07725	8823611.225507181
9.897375	6134552.4275339395
19.198041666666665	155205079.38883898
35.644875	285806204.87550944
66.05958333333334	187520426.56288177
124.99208333333333	296469327.55508626
188.99208333333334	227940060.77392763
252.99208333333334	316453947.52026093
316.99208333333337	73193310.96008419
380.9920833333333	81029511.38735723
444.9916666666666	341708914.33567137
508.9916666666666	23751715.43182054
572.9916666666667	337782407.0657975
636.9916666666667	50358806.18880538
700.9916666666667	128736321.28077391
764.9916666666667	99119681.39861012
828.9916666666667	219707888.6643909
892.9916666666667	231224346.7292388
956.9916666666667	48641374.65456362
1020.9916666666667	38018416.61657882
1084.9916666666666	139833222.15590614
1148.9916666666666	146559511.3371095
1212.9916666666666	258581136.83179396
1276.9916666666666	100043344.21028395
1340.9916666666666	202083301.89730167
1404.9916666666668	273520422.66697836
1468.9916666666668	127072068.59916605
1532.9916666666668	162742821.68702105
1596.9916666666668	435346936.0471353
1660.9916666666668	177072663.77743837
1724.9916666666668	181151898.88860813
1788.9916666666668	152574900.65999615
1852.9916666666668	188037042.8047953
1916.9916666666668	372361121.79576385
1980.9916666666668	194711345.23127073
2044.9916666666668	187651701.8540179
2108.991666666667	201211742.1497638
2172.991666666667	240310752.95959166
2236.991666666667	207544703.51001856
2300.991666666667	401681605.6653812
2364.991666666667	468604200.5029564
2428.991666666667	217195410.53761384
2492.991666666667	256923112.2198905
2556.991666666667	152178310.12184185
2620.991666666667	225804125.6869851
2684.991666666667	164508341.98860484
2748.991666666667	231698187.59576446
2812.991666666667	370444157.2149223
2876.991666666667	30276278.445347846
2940.991666666667	265748357.29796553
3004.991666666667	343345817.1980413
3068.991666666667	451587115.3547612
3132.991666666667	248986571.43882632
3196.991666666667	251824186.4712152
3260.991666666667	254653346.55190668
3324.991666666667	197485725.41259092
3388.991666666667	280220504.3952715
3452.991666666667	74585316.37709358
3516.991666666667	265897436.10927528
3580.991666666667	290075731.26772606
3650.0	161494169.66869253
3714.0	524002490.798818
3778.0	132985394.6161704
3842.0	179451720.8106122
3906.0	282854774.6435953
3970.0	171442771.6047281
4034.0	827217429.2791618
4098.0	1548043539.2963667
4162.0	293997733.4407506
4226.0	806867612.9334854
4290.0	2511871305.477304
4354.0	1578896907.0313506
4418.0	3204022322.687011
4482.0	307964641.9676603
4546.0	156487195.85980213
4610.0	1859343474.082723
4674.0	211286199.608788
4738.0	3117009113.658499
4802.0	1587013419.9135504
4866.0	105983834.99790758
4930.0	3337870764.7674236
4994.0	1383259872.6368818
5058.0	1388844892.783092
5122.0	336206480.25779885
5186.0	1702845294.201599
5250.0	1786600610.220199
5314.0	1556074844.9067447
5378.0	347665424.54176015
5442.0	454026358.24053705
5506.0	353436347.3857875
5570.0	1082820522.8773894
5634.0	490037200.6449422
5698.0	362150131.0718024
5762.0	3211157046.2465506
5826.0	134735395.70527616
5890.0	370934479.3843298
5954.0	1926894425.8970828
6018.0	3135093916.9915643
6082.0	2736625875.2777867
6146.0	1891485633.142195
6210.0	2907480024.7741094
6274.0	816522300.0574219
6338.0	391725570.14173484
6402.0	394731047.9447139
6466.0	2005294516.3045459
6530.0	2862832912.939187
6594.0	1593959987.4165611
6658.0	2767905645.306437
6722.0	419665624.9588077
6786.0	1962262344.4672985
6850.0	1590274173.8991272
6914.0	2644723158.4444
6978.0	422191969.318306
7042.0	3259452471.6315494
7106.0	428399017.1894345
7170.0	431517463.2993539
7234.0	434645102.3892468
7300.0	1358180007.806865
7364.0	2689748880.407717
7428.0	444187347.2013509
7492.0	695970129.9930267
7556.0	1302080745.7786922
7620.0	453724022.9539432
7684.0	3183119581.267546
7748.0	2081858971.5858874
7812.0	463351387.9400018
7876.0	3118922158.0082893
7940.0	2387162469.5329804
8004.0	2906615155.2215557
8068.0	3348258942.755249
8132.0	1001819683.008548
8196.0	482889389.4954453
8260.0	832413824.8769644
8324.0	489484934.54440796
8388.0	492799847.9522006
8452.0	2138688274.7456627
8516.0	499461664.078591
8580.0	502807598.51110023
8644.0	506165628.72217983
8708.0	3214889431.271041
8772.0	2351910726.1234
8836.0	443621866.7024751
8900.0	3554296074.0726333
8964.0	2620789529.0647645
9028.0	786507140.7815294
9092.0	898656115.1250596
9156.0	2551729393.024129
9220.0	3373847810.975166
9284.0	1351382326.5073805
9348.0	543821938.0881422
9412.0	3094751578.2806063
9476.0	1857424216.6161337
9540.0	195815161.73805976
9604.0	1175562894.2908404
9668.0	3501102151.4717007
9732.0	564928353.2492726
9796.0	568486006.0739983
9860.0	183319433.51928318
9924.0	575637746.4538482
9988.0	2809615948.844925
10052.0	251817379.31940293
10116.0	67783851.30122405
10180.0	590071937.9455806
10244.0	593711917.5575542
10308.0	391227622.53131795
10372.0	1306589573.468091
10436.0	604694153.0511243
10500.0	608378131.0263083
10564.0	753593026.6584458
10628.0	615780539.2607211
10692.0	619502283.0164121
10756.0	1317089768.7780871
10820.0	3536987963.7471876
10884.0	2839017945.6177607
10950.0	634616525.0717988
11014.0	3140982839.2252736
11078.0	944640408.6383634
11142.0	2295892536.9493723
11206.0	1141331637.1127963
11270.0	928808382.3638039
11334.0	236858051.4023146
11398.0	2115756887.8428555
11462.0	941087514.6709404
11526.0	2491774328.701846
11590.0	3397365792.8005466
11654.0	1443437354.1364577
11718.0	2318366633.6229544
11782.0	434036998.334193
11846.0	688609358.6996111
11910.0	617456783.8464154
11974.0	3393420466.5385904
12038.0	2943198567.7523
12102.0	1426445347.4098582
12166.0	2870796366.23163
12230.0	1213319617.6485038
12294.0	716499376.2993544
12358.0	1276237672.3438697
12422.0	724576568.4243668
12486.0	2084584887.9612532
12550.0	740770751.8358251
12614.0	736788790.8643633
12678.0	1560082871.8649611
12742.0	744992567.5346774
12806.0	3211363169.168193
12870.0	3128655223.5644293
12934.0	757390720.2389662
12998.0	2738026209.8250275
13062.0	489814860.80550426
13126.0	3238604884.4874244
13190.0	442649554.5069505
13254.0	2426644250.8677216
13318.0	286705343.65637904
13382.0	787130850.3880429
13446.0	163531932.48725033
13510.0	795263492.1336807
13574.0	799533409.0838422
13638.0	803814712.479204
13702.0	2890502231.0989304
13766.0	959426523.7341368
13830.0	1372689533.5131097
13894.0	1326788072.1160676
13958.0	1430649734.4367537
14022.0	829793923.7197276
14086.0	2397920329.5764456
14150.0	838556298.7386442
14214.0	2812359594.336354
14278.0	1189580643.0198689
14342.0	851787290.2731425
14406.0	1352093670.7158394
14470.0	1729734218.2591863
14534.0	865144840.2949018
14600.0	3496972236.9127474
14664.0	1829187248.8639042
14728.0	2979324708.7569265
14792.0	1390823837.1716084
14856.0	1083327216.0123749
14920.0	892352478.8287741
14984.0	2059427985.0814815
15048.0	3923278251.4686966
15112.0	906069885.3599627
15176.0	2533364927.1438303
15240.0	2388833828.155182
15304.0	994772376.5601879
15368.0	924530248.089291
15432.0	929182297.6987975
15496.0	610243206.6596038
15560.0	938520370.6538167
15624.0	3783818206.4731917
15688.0	956827370.7055662
15752.0	3816822033.23213
15816.0	957360306.7472645
15880.0	962104775.2314781
15944.0	1165879544.6226614
16008.0	3234055915.7161374
16072.0	3878057477.6775646
16136.0	869288201.9365095
16200.0	860263614.5482733
16264.0	2768153064.60157
16328.0	307981671.3967705
16392.0	1909377553.925055
16456.0	2788181943.485834
16520.0	3334966011.8024793
16584.0	1015179050.2246954
16648.0	3222760600.5247035
16712.0	3784398640.163788
16776.0	1029937525.0032606
16840.0	1941106980.6614947
16904.0	3809376804.8693542
16968.0	2304636738.429694
17032.0	2866141128.9814167
17096.0	840186493.1387254
17160.0	1059830901.1656772
17224.0	1899665625.8928437
17288.0	3263591305.4502816
17352.0	3104038883.7822685
17416.0	1619356865.821002
17480.0	2144159514.6362114
17544.0	1090220041.8003585
17608.0	1661802388.0678308
17672.0	2357693221.633555
17736.0	2103265072.6116261
17800.0	145891543.30629337
17864.0	1115930102.5695693
17928.0	1121114860.5667226
17992.0	1201358152.7872193
18056.0	1975683555.5178933
18120.0	1136745655.9290597
18184.0	3209059007.7004595
18250.0	2534454287.601372
18314.0	3635155197.9825163
18378.0	1157959069.8523357
18442.0	1012222659.9972359
18506.0	3813039068.410677
18570.0	4171242504.3231196
18634.0	2268955549.4305677
18698.0	1753283932.6146696
18762.0	1189953146.9157217
18826.0	3916015201.710488
18890.0	1200733401.7678158
18954.0	1206145524.3958514
19018.0	3341280535.611826
19082.0	1217009242.140864
19146.0	2265732090.9964843
19210.0	770009702.7177682
19274.0	1233413553.2078488
19338.0	2947882004.6198764
19402.0	2889035634.3995852
19466.0	1786123744.8275828
19530.0	3285289180.801014
19594.0	807718002.2680895
19658.0	1979450080.5129082
19722.0	3351678069.9653177
19786.0	2147128456.7134175
19850.0	723177335.5258069
19914.0	1901886733.571344
19978.0	3497666678.726936
20042.0	615400013.1372769
20106.0	1718274265.255035
20170.0	3543729820.9448557
20234.0	1317399821.4264634
20298.0	2961674952.0000305
20362.0	2080699043.7775154
20426.0	1334592644.363699
20490.0	1217318162.356459
20554.0	1685401413.4043665
20618.0	3703979694.9144287
20682.0	1514485003.2316017
20746.0	2783346902.1254144
20810.0	1248954047.7780528
20874.0	1375222367.7842643
20938.0	4093206479.142555
21002.0	1282176018.0835955
21066.0	2445400007.6737194
21130.0	3278930429.5113792
21194.0	1404691878.1218488
21258.0	1410631936.8086393
21322.0	136558677.50027156
21386.0	2235996719.197974
21450.0	1428535918.1893687
21514.0	1434531629.0767553
21578.0	1440544435.1397543
21642.0	505628484.67639196
21706.0	2512354131.0238333
21770.0	3498186469.2421865
21834.0	1464746292.6292598
21900.0	2751835941.1058855
21964.0	4179480505.791948
22028.0	1483250803.374254
22092.0	1138757810.41883
22156.0	2874474544.255997
22220.0	2903922140.293872
22284.0	1507877808.9022064
22348.0	3259610328.929409
22412.0	316303791.4234123
22476.0	2011006925.6486924
22540.0	4059010794.7372055
22604.0	1642169324.921378
22668.0	1545276513.3517296
22732.0	2159359462.471016
22796.0	4585172455.824568
22860.0	3935174581.148559
22924.0	1570518076.7020974
22988.0	1576864329.985508
23052.0	2658998796.1039248
23116.0	1589603349.0649652
23180.0	1595998355.1987956
23244.0	4466313214.153911
23308.0	4629889674.933707
23372.0	2340606913.960744
23436.0	636248716.7184069
23500.0	4003033923.0676565
23564.0	1634691450.0168555
23628.0	1641194644.2668147
23692.0	1545534099.6344545
23756.0	4253529389.117263
23820.0	1114069980.550371
23884.0	1667362728.9232895
23948.0	926351729.9466168
24012.0	1680540665.4364808
24076.0	4296437434.798244
24140.0	1693777507.5417604
24204.0	3029536706.2220564
24268.0	4600768944.760302
24332.0	1161973655.1817095
24396.0	2111264607.3130164
24460.0	2236308286.1787853
24524.0	3484146854.948841
24588.0	1740609364.6558914
24652.0	4586464378.514558
24716.0	1754135368.4489157
24780.0	4596011128.117388
24844.0	1767722133.8171234
24908.0	1774540613.8822403
24972.0	618447902.1113138
25036.0	1788223212.2877047
25100.0	1068243950.8422157
25164.0	2021237448.0045784
25228.0	1808860794.494387
25292.0	2424014190.429471
25356.0	1822701423.862343
25420.0	1829642120.3318539
25484.0	956378322.9276261
25550.0	1826370667.1354175
25614.0	1850788710.377629
25678.0	1857797034.6290512
25742.0	1864825007.702265
25806.0	3581321924.287184
25870.0	1099512480.593128
25934.0	359546045.9384954
25998.0	1893087805.7316523
26062.0	4219165175.5278454
26126.0	3742520636.9716516
26190.0	3493326611.9515314
26254.0	1077326576.5640955
26318.0	2684138154.8638663
26382.0	1935959131.6008306
26446.0	3879286116.127886
26510.0	1950381852.0706694
26574.0	773626165.224726
26638.0	1964867586.5299323
26702.0	1972141296.324491
26766.0	1050966473.1125114
26830.0	3104785990.5627685
26894.0	434450726.3295188
26958.0	2001373817.2114995
27022.0	97266724.92793131
27086.0	2432583367.0704846
27150.0	1014525565.0176932
27214.0	364790187.482476
27278.0	2306198400.528533
27342.0	750414674.1253903
27406.0	3639205654.8932304
27470.0	1899908938.3469148
27534.0	4862021772.634026
27598.0	2075604406.8975472
27662.0	4892826520.631112
27726.0	1466651336.8217044
27790.0	5064918849.980747
27854.0	4421583164.239988
27918.0	2733531907.1702394
27982.0	3289713134.909874
28046.0	2128547758.9087274
28110.0	2136178976.0997021
28174.0	877893854.4166918
28238.0	3534016218.83304
28302.0	3686410879.515476
28366.0	4717164102.308147
28430.0	1518841496.801703
28494.0	130442986.58059478
28558.0	2190055333.6017003
28622.0	2197818149.462638
28686.0	2205594376.969144
28750.0	694560549.8627498
28814.0	2611522724.931415
28878.0	783745217.961225
28942.0	2236886434.0541606
29006.0	2244747160.21535
29070.0	4196849421.5854855
29134.0	4718767298.421932
29200.0	3747588361.3564615
29264.0	3485458857.7850685
29328.0	2284580233.8936095
29392.0	5221823612.596123
29456.0	3813480617.8198404
29520.0	2308527877.159329
29584.0	824034083.7290967
29648.0	2324580302.4288573
29712.0	4546875044.911334
29776.0	2053086214.698217
29840.0	4434890779.709611
29904.0	1717273027.5737138
29968.0	2118236198.923719
30032.0	3024872066.996669
30096.0	1318512831.1335068
30160.0	2042886750.2781758
30224.0	2206176638.8253956
30288.0	1285838818.5419466
30352.0	2414064925.63256
30416.0	3676092804.97886
30480.0	2430570037.695368
30544.0	3886730474.316906
30608.0	1597691793.5179405
30672.0	3964398264.0324483
30736.0	302783892.1446414
30800.0	4379322966.064346
30864.0	5270761873.670971
30928.0	2009450983.8083735
30992.0	4042089589.812559
31056.0	121993975.11380577
31120.0	3683204183.01606
31184.0	2812171657.829494
31248.0	2531000206.2554464
31312.0	1454764011.5342586
31376.0	5316733708.107353
31440.0	838448216.835433
31504.0	4990483824.909782
31568.0	2573566490.2762895
31632.0	31140847.58621502
31696.0	1909432178.2770503
31760.0	1029779052.1936085
31824.0	770724113.376471
31888.0	1793243269.0754871
31952.0	2625245727.5626245
32016.0	2419454816.722515
32080.0	2642613788.215517
32144.0	890743033.4969137
32208.0	114226595.64414883
32272.0	5192751048.003495
32336.0	2677555481.2655253
32400.0	1956998996.1846714
32464.0	5163581338.382336
32528.0	2988114419.6189046
32592.0	2712769222.4671984
32656.0	2721622348.680114
32720.0	2120709421.2964714
32784.0	4233687029.7774096
32850.0	3594799444.7638144
32914.0	5161641823.160717
32978.0	1487638548.1359873
33042.0	3969280082.3639007
33106.0	5686808047.107719
33170.0	5421767993.050051
33234.0	5086637170.697979
33298.0	883430276.3445332
33362.0	1507487189.1261513
33426.0	3691114625.9563456
33490.0	551471212.96946
33554.0	1316409776.9618216
33618.0	5023776692.336374
33682.0	2865931314.859494
33746.0	2500703794.211771
33810.0	2043522115.7908745
33874.0	2893454077.785107
33938.0	2902658668.533934
34002.0	5236313585.421045
34066.0	5683401866.730086
34130.0	2984500637.5363116
34194.0	2939661607.2142973
34258.0	1205775219.4683466
34322.0	5030539266.574844
34386.0	4355571633.627829
34450.0	5634654773.753866
34514.0	2986333682.5820036
34578.0	3312915638.3112736
34642.0	1729131512.2931151
34706.0	1326954114.6214578
34770.0	5801721277.049156
34834.0	923820312.3351488
34898.0	2092907940.5885801
34962.0	5175887311.472862
35026.0	4276919951.6798897
35090.0	1689088793.511632
35154.0	1533597742.6210086
35218.0	2925807150.597178
35282.0	695471163.164576
35346.0	3287242370.794583
35410.0	5486772789.7972145
35474.0	4451424521.85634
35538.0	5759571020.265682
35602.0	1935572085.8948662
35666.0	4378477377.576689
35730.0	6159362217.222836
35794.0	984143599.7628922
35858.0	1139278904.8415837
35922.0	2399800389.880165
35986.0	704759046.0852084
36050.0	5333617357.195627
36114.0	468170106.608273
36178.0	5791802305.662369
36242.0	5614328552.478279
36306.0	4474418970.736087
36370.0	4190058412.323527
36434.0	1931474458.180764
36500.0	4173116044.6800666
36564.0	4211877394.281657
36628.0	3306146835.2038026
36692.0	945233802.6624765
36756.0	6160326118.871647
36820.0	6031464989.384896
36884.0	4738631494.383427
36948.0	3356305724.6862454
37012.0	4135183834.822384
37076.0	4782675357.275869
37140.0	4948986218.018452
37204.0	6261574653.56456
37268.0	1129389456.7231588
37332.0	3602287176.997475
37396.0	1090447502.964735
37460.0	3231285363.7329574
37524.0	3421725296.927711
37588.0	5610790800.879208
37652.0	3963682266.832395
37716.0	4674801503.790834
37780.0	3488970605.291941
37844.0	3499307674.0788164
37908.0	3509653237.5653195
37972.0	720827681.0689802
38036.0	5139736507.717748
38100.0	3013209922.5417023
38164.0	3551247977.0907927
38228.0	4061818394.1219883
38292.0	4958269364.4683075
38356.0	2529280836.4357123
38420.0	5981386541.553137
38484.0	3603678671.912145
38548.0	3614230434.058796
38612.0	2067728773.4748938
38676.0	3325268708.2271314
38740.0	6173213086.610776
38804.0	6027436793.960657
38868.0	1821982110.8177469
38932.0	3677902339.228244
38996.0	3915001862.6329126
39060.0	4775216831.920109
39124.0	3709995395.2533526
39188.0	5705517267.638386
39252.0	2992690926.5871067
39316.0	1340423577.770945
39380.0	3753067205.5908933
39444.0	1223501969.1842437
39508.0	2853876312.1956463
39572.0	2766508333.861205
39636.0	2209503561.6749067
39700.0	1478604462.808455
39764.0	1853237748.9544775
39828.0	5627535811.570832
39892.0	768597777.2837849
39956.0	6324977945.425266
40020.0	4835858839.685884
40084.0	5737050992.095534
40150.0	1565408890.1368728
40214.0	2382987147.4853497
40278.0	2790261085.74667
40342.0	10441582355.283718
40406.0	5800365974.756495
40470.0	8552534740.379936
40534.0	3951030594.7751575
40598.0	6976799574.202806
40662.0	7007365653.506932
40726.0	4780153892.333611
40790.0	6600831976.227943
40854.0	6730496582.672123
40918.0	151838856.36160135
40982.0	11384633413.734732
41046.0	3836144280.482062
41110.0	6126890879.156084
41174.0	8341879212.171817
41238.0	1969418517.975468
41302.0	4086305167.0356803
41366.0	8043488048.386781
41430.0	1874265409.4598894
41494.0	6221190317.596527
41558.0	4132023019.197507
41622.0	11111520393.528023
41685.833333333336	6626830098.693029
41750.0	5054095680.170513
41814.166666666664	4178062582.910811
41877.916666666664	6380803867.214838
41942.083333333336	5582476595.565828
42005.833333333336	6950284689.367978
42070.0	4224430082.855058
42134.166666666664	8140930301.709965
42197.916666666664	371459687.9589186
42262.083333333336	4259423737.175446
42325.833333333336	8860287155.072632
42390.0	6320446407.691541
42454.166666666664	4000674411.023481
42517.916666666664	11264941463.330975
42582.083333333336	7992523603.83107
42645.833333333336	3887886010.856853
42710.0	3319289376.090085
42774.166666666664	5697953608.387546
42837.916666666664	4365431337.420538
42902.083333333336	7392270925.400547
42965.833333333336	252125870.0845747
43030.0	7107738847.610382
43094.166666666664	2059508503.0578656
43157.916666666664	4425041553.995229
43222.083333333336	6192915858.045129
43285.833333333336	4449029187.890715
43350.0	6876707125.026035
43414.166666666664	4473106312.181513
43477.916666666664	4485178019.055186
43542.083333333336	4497249863.946723
43605.833333333336	4509365018.237367
43670.0	4156520704.6640763
43734.166666666664	8538434993.712301
43800.0	4546171935.678541
43864.166666666664	3065088259.5881815
43927.916666666664	10840624206.4497
43992.083333333336	4582794715.730096
44055.833333333336	3292400662.7647657
44120.0	7372668571.864622
44184.166666666664	10599314798.93108
44247.916666666664	4631899671.749878
44312.083333333336	5017621145.473578
44375.833333333336	4656557652.270731
44440.0	1988930224.7592978
44504.166666666664	901170407.9150815
44567.916666666664	4785335327.939587
44632.083333333336	9366446983.390537
44695.833333333336	2684672371.369049
44760.0	4922419958.5886345
44824.166666666664	4743588793.349915
44887.916666666664	3360725248.2566347
44952.083333333336	4768647152.96432
45015.833333333336	4781214468.752968
45080.0	10189496612.066452
45144.166666666664	4806399938.255842
45207.916666666664	9224905889.275543
45272.083333333336	2504632311.0964894
45335.833333333336	8833177162.51762
45400.0	5693833188.877563
45464.166666666664	3872285205.6563754
45527.916666666664	890508953.5125914
45592.083333333336	8509296104.147291
45655.833333333336	4907936280.692748
45720.0	6875463772.688914
45784.166666666664	98624945.47485733
45847.916666666664	4514425180.143566
45912.083333333336	10428700321.976683
45975.833333333336	12043357731.319744
46040.0	8116312460.2771635
46104.166666666664	4997862005.724692
46167.916666666664	5322824799.316861
46232.083333333336	1657541038.387063
46295.833333333336	8474428596.205555
46360.0	8402852030.507387
46424.166666666664	2797947469.949198
46487.916666666664	2172777540.576719
46552.083333333336	5262143720.476064
46615.833333333336	2137941850.3497362
46680.0	10495109585.323444
46744.166666666664	5128117212.856132
46807.916666666664	8134072577.23193
46872.083333333336	5154416269.357767
46935.833333333336	2162837479.0316944
47000.0	5180813417.968118
47064.166666666664	2682443019.579527
47127.916666666664	7946280616.880703
47192.083333333336	5220568586.98105
47255.833333333336	5233867940.097662
47320.0	6477227097.915502
47384.166666666664	2159902457.2663255
47450.0	5274295246.170762
47514.166666666664	1023623734.782805
47577.916666666664	3588009724.381229
47642.083333333336	125283268.1181078
47705.833333333336	5327918943.709728
47770.0	11448470472.32363
47834.166666666664	5354864472.877762
47897.916666666664	12346596911.948933
47962.083333333336	10730430630.850056
48025.833333333336	345982340.683918
48090.0	8103390650.537643
48154.166666666664	8536053513.428989
48217.916666666664	4885263240.064431
48282.083333333336	8641726773.293203
48345.833333333336	6308979815.48267
48410.0	8219157655.351698
48474.166666666664	1693246441.6141305
48537.916666666664	5504639153.299107
48602.083333333336	2180283678.7720575
48665.833333333336	789651121.6924381
48730.0	9882652816.433662
48794.166666666664	2962066807.8613772
48857.916666666664	12240462296.269543
48922.083333333336	12900847544.595379
48985.833333333336	3477935658.3776956
49050.0	82549237.410079
49114.166666666664	7172409337.160221
49177.916666666664	5643049481.2527075
49242.083333333336	5657009529.750284
49305.833333333336	5569869808.611643
49370.0	5684998960.632129
49434.166666666664	54928195.926472664
49497.916666666664	5713056313.381539
49562.083333333336	3447792955.833245
49625.833333333336	5741214898.981213
49690.0	10797151839.452732
49754.166666666664	1652958636.4926114
49817.916666666664	5783635648.021964
49882.083333333336	9884795141.823305
49945.833333333336	3245330523.747282
50010.0	3797918708.0261602
50074.166666666664	4116490036.632041
50137.916666666664	3770720180.80072
50202.083333333336	5869053298.044776
50265.833333333336	7067818459.138863
50330.0	10978321664.383095
50394.166666666664	5211752217.791908
50457.916666666664	5926420096.815162
50522.083333333336	3574618657.324082
50585.833333333336	12581500902.016304
50650.0	4368868065.322246
50714.166666666664	5984149792.923714
50777.916666666664	5998652054.089541
50842.083333333336	4908960991.8039
50905.833333333336	6027673278.179623
50970.0	7640025294.435536
51034.166666666664	1476228588.5224228
51100.0	1974642152.0035596
51164.166666666664	6407719644.373307
51227.916666666664	6101129927.851104
51292.083333333336	9024674980.591902
51355.833333333336	6130507494.987593
51420.0	9119826841.989544
51484.166666666664	3050285098.7444
51547.916666666664	10951797127.695515
51612.083333333336	4915139971.563177
51675.833333333336	11489267138.830116
51740.0	11342565011.884392
51804.166666666664	113959656.85822582
51867.916666666664	7971315100.294334
51932.083333333336	11764238192.521753
51995.833333333336	3533107845.4282117
52060.0	7594967135.289303
52124.166666666664	6308611686.215814
52187.916666666664	12575004314.384455
52252.083333333336	6338601544.943448
52315.833333333336	6353616903.286023
52380.0	11250504236.952423
52444.166666666664	6383730690.600626
52507.916666666664	6198627076.392323
52572.083333333336	7276285839.404531
52635.833333333336	13578209743.564028
52700.0	8960329280.074808
52764.166666666664	1670113396.137679
52827.916666666664	380045382.244297
52892.083333333336	11714471222.903816
52955.833333333336	7980647799.957792
53020.0	700124195.5155811
53084.166666666664	1220415603.9226913
53147.916666666664	1701830232.1258411
53212.083333333336	4874860512.9260235
53275.833333333336	6581781866.582132
53340.0	6781307601.448028
53404.166666666664	588192048.4391451
53467.916666666664	2389485252.8755474
53532.083333333336	6643469040.6593275
53595.833333333336	6658964732.796577
53660.0	13593106655.48154
53724.166666666664	6690029722.061621
53787.916666666664	6705598691.903443
53852.083333333336	2446281786.378222
53915.833333333336	4886729725.739514
53980.0	12474454265.411144
54044.166666666664	13048853935.050037
54107.916666666664	6783752067.087331
54172.083333333336	12861546232.53258
54235.833333333336	10030284499.55699
54300.0	5750858804.8123
54364.166666666664	4469632990.987897
54427.916666666664	13275275159.552517
54492.083333333336	2006679347.9213982
54555.833333333336	8971510257.125523
54620.0	8871688524.705814
54684.166666666664	6060894458.552032
54750.0	6942183321.7272835
54814.166666666664	9078513814.295708
54877.916666666664	14091476805.392242
54942.083333333336	7139728329.877711
55005.833333333336	4148382194.8748665
55070.0	7022060411.230253
55134.166666666664	34913025.4706192
55197.916666666664	7054154020.46482
55262.083333333336	7070230520.860908
55325.833333333336	7222634644.761819
55390.0	8224433299.1434355
55454.166666666664	5916467171.219521
55517.916666666664	7134838435.221601
55582.083333333336	7151065439.684408
55645.833333333336	2819042544.4127045
55710.0	4566482529.288048
55774.166666666664	7199858159.485453
55837.916666666664	13843869865.661886
55902.083333333336	372002684.94366646
55965.833333333336	7248813135.015511
56030.0	770345550.1092596
56094.166666666664	7281593434.605065
56157.916666666664	7298037786.853345
56222.083333333336	7314499094.970501
56285.833333333336	5916799404.55393
56350.0	7347471479.5573225
56414.166666666664	14102127806.488731
56477.916666666664	7380566885.623798
56542.083333333336	12220109933.521473
56605.833333333336	10096732127.720802
56670.0	12248082711.104328
56734.166666666664	4413733839.1739235
56797.916666666664	7463606993.248059
56862.083333333336	12527455304.762981
56925.833333333336	790809864.9348421
56990.0	7513739564.077684
57054.166666666664	7530519175.046901
57117.916666666664	5751991077.549891
57182.083333333336	8043738026.2755785
57245.833333333336	7580940186.726562
57310.0	14267690321.157635
57374.166666666664	7614681771.534613
57437.916666666664	7631540292.6025095
57502.083333333336	1839465779.583621
57565.833333333336	14143001572.68748
57630.0	13814316539.480759
57694.166666666664	7699409035.846148
57757.916666666664	12878732489.016926
57822.083333333336	7733508922.972484
57885.833333333336	2613087876.5730333
57950.0	7767652877.672171
58014.166666666664	12397813735.387985
58077.916666666664	3612958109.353624
58142.083333333336	7819142259.334329
58205.833333333336	5674299909.953377
58270.0	10243875056.119282
58334.166666666664	10893493405.945225
58400.0	7888598617.088036
58464.166666666664	9855542701.382275
58527.916666666664	11974157860.030094
58592.083333333336	12604642037.2274
58655.833333333336	3625563745.450323
58720.0	9339693030.122723
58784.166666666664	7992724894.103093
58847.916666666664	6234673572.405616
58912.083333333336	7232660919.288418
58975.833333333336	818194504.042347
59040.0	2037212830.9991932
59104.166666666664	12931691774.276695
59167.916666666664	5989458422.616091
59232.083333333336	8017483942.129319
59295.833333333336	11999288054.140911
59360.0	13552204941.515072
59424.166666666664	8168163318.565993
59487.916666666664	8185908481.850973
59552.083333333336	8203586292.146729
59615.833333333336	7942166933.696328
59680.0	8744004009.38236
59744.166666666664	894822045.2799149
59807.916666666664	8056156052.070238
59872.083333333336	8292541987.1521435
59935.833333333336	11309966386.224184
60000.0	8328309051.76729
60064.166666666664	4782598732.283983
60127.916666666664	2913287822.6335907
60192.083333333336	1119734859.109644
60255.833333333336	13150460159.078838
60320.0	8418101329.100719
60384.166666666664	8436109105.481599
60447.916666666664	11183017333.984026
60512.083333333336	5453034481.271942
60575.833333333336	5543730945.853945
60640.0	11173340604.995304
60704.166666666664	4803837909.380825
60767.916666666664	8867307650.418352
60832.083333333336	6827734563.418251
60895.833333333336	10682464672.4702
60960.0	11851516751.063913
61024.166666666664	15308130213.616314
61087.916666666664	8862960940.0935
61152.083333333336	4331759166.181164
61215.833333333336	6093145057.198568
61280.0	8691278480.856585
61344.166666666664	2727574698.2573576
61407.916666666664	13098704562.71839
61472.083333333336	11514212732.347488
61535.833333333336	11331005216.196493
61600.0	12968831494.238901
61664.166666666664	12781721452.865562
61727.916666666664	13726912541.081707
61792.083333333336	13086786924.56495
61855.833333333336	2492503512.55902
61920.0	5832562444.936113
61984.166666666664	13797038950.69249
62050.0	15663256152.734446
62114.166666666664	14762869605.47585
62177.916666666664	2757804644.971674
62242.083333333336	4234095239.010866
62305.833333333336	5229564559.577306
62370.0	9008429301.392323
62434.166666666664	8668142861.50566
62497.916666666664	7336963013.624823
62562.083333333336	3614167074.680582
62625.833333333336	9801939382.427643
62690.0	7095558384.246025
62754.166666666664	9121885589.822958
62817.916666666664	11365372097.919607
62882.083333333336	9159951428.020731
62945.833333333336	4988518633.321806
63010.0	16567638662.569672
63074.166666666664	13376281933.221334
63137.916666666664	3293793444.9289837
63202.083333333336	3670033615.1770296
63265.833333333336	2695197817.834141
63330.0	9264376065.554066
63394.166666666664	2128388917.5068426
63457.916666666664	10925735349.552656
63522.083333333336	9351669629.268368
63585.833333333336	4977812746.225787
63650.0	4738110526.782421
63714.166666666664	5422463594.09745
63777.916666666664	3607200025.971631
63842.083333333336	13836869571.139214
63905.833333333336	2694175222.1571455
63970.0	9487419364.758165
64034.166666666664	12526098560.13303
64097.916666666664	10947101314.129307
64162.083333333336	12792702969.802248
64225.833333333336	5334044027.042805
64290.0	13118893826.633781
64354.166666666664	9388247964.44418
64417.916666666664	9782704612.496386
64482.083333333336	14638444636.742981
64545.833333333336	14998829168.656368
64610.0	14500079488.396622
64674.166666666664	5889749006.356863
64737.916666666664	9723118103.259993
64802.083333333336	6456433161.576067
64865.833333333336	4089578408.533104
64930.0	4605148852.85694
64994.166666666664	9802587470.972853
65057.916666666664	9822450870.103497
65122.083333333336	15232620369.515255
65185.833333333336	9862420151.365362
65250.0	8182733876.138139
65314.166666666664	9902399957.909567
65377.916666666664	9922458765.675303
65442.083333333336	9987508420.740465
65505.833333333336	7157941983.563095
65570.0	8815460278.291256
65634.16666666667	9424093580.277113
65700.0	4715393841.475405
65764.16666666667	17427076046.17716
65827.91666666667	10653998203.304459
65892.08333333333	10084482228.237583
65955.83333333333	10104737688.9859
66020.0	10534893356.45783
66084.16666666667	10145493702.992823
66147.91666666667	10165884204.913616
66212.08333333333	14015429243.047974
66275.83333333333	13059662572.29726
66340.0	9480062563.8114
66404.16666666667	5457361315.335271
66467.91666666667	13850038332.427395
66532.08333333333	5823836057.521558
66595.83333333333	11505542444.130728
66660.0	10329942893.149012
66724.16666666667	10350506737.739346
66787.91666666667	3456709248.3175964
66852.08333333333	17115796018.8446
66915.83333333333	12655044312.51867
66980.0	14645780939.992298
67044.16666666667	14761359531.833347
67107.91666666667	10474922508.092813
67172.08333333333	12655722496.793793
67235.83333333333	4099960620.7152185
67300.0	10537423602.50497
67364.16666666667	8737400771.336447
67427.91666666667	15198168272.213642
67492.08333333333	13293856246.699574
67555.83333333333	9662289261.035759
67620.0	3454845792.733243
67684.16666666667	10663224124.884527
67747.91666666667	11432219533.766506
67812.08333333333	16646362822.821999
67875.83333333333	11173022137.717329
67940.0	3554119232.3839436
68004.16666666667	7553854872.009233
68067.91666666667	12041848163.897966
68132.08333333333	10811245322.631397
68195.83333333333	10832385121.209135
68260.0	7649332149.494249
68324.16666666667	12884246901.762314
68387.91666666667	17508088875.062553
68452.08333333333	16175325232.45097
68515.83333333333	10939207852.043941
68580.0	5833744013.494253
68644.16666666667	8773192200.74222
68707.91666666667	7050400489.503304
68772.08333333333	11024993364.41767
68835.83333333333	14443206195.109474
68900.0	11068129398.297575
68964.16666666667	8680895540.028238
69027.91666666667	5227311628.151142
69092.08333333333	11133003957.55935
69155.83333333333	16947980942.014717
69220.0	9136912700.880209
69284.16666666667	11198104543.79688
69350.0	15888947557.948822
69414.16666666667	14423480363.780796
69477.91666666667	9449247231.81837
69542.08333333333	16791541115.368488
69605.83333333333	17612561550.569336
69670.0	12388593186.828388
69734.16666666667	8845736740.12307
69797.91666666667	12874728872.023453
69862.08333333333	15314314452.889498
69925.83333333333	8940853611.612827
69990.0	11281439322.632103
70054.16666666667	5711696179.376239
70117.91666666667	6579595385.59078
70182.08333333333	9171603887.13812
70245.83333333333	16669543542.202948
70310.0	10838034779.08776
70374.16666666667	18884149401.226273
70437.91666666667	11594579106.067604
70502.08333333333	14019655746.458942
70565.83333333333	6476771301.018003
70630.0	18695194219.961803
70694.16666666667	18187143650.218613
70757.91666666667	8329544541.183607
70822.08333333333	12471641004.078127
70885.83333333333	11751074668.805275
70950.0	14729049070.859526
71014.16666666667	10690410272.858997
71077.91666666667	11818522963.390602
71142.08333333333	10230827367.214788
71205.83333333333	11863718655.993658
71270.0	10057917192.876017
71334.16666666667	17701707089.78237
71397.91666666667	13743353339.782627
71462.08333333333	18115640977.214344
71525.83333333333	11977001619.4686
71590.0	12154656814.069668
71654.16666666667	9148209221.159006
71717.91666666667	17101060362.805565
71782.08333333333	12068321228.802845
71845.83333333333	11290776713.135962
71910.0	12114032186.755434
71974.16666666667	11988557240.104973
72037.91666666667	12159931861.873142
72102.08333333333	12182852905.254948
72165.83333333333	12206020601.50358
72230.0	13726836625.356043
72294.16666666667	17056009561.617718
72357.91666666667	14409526306.270527
72422.08333333333	9874454554.792238
72485.83333333333	5442635356.220932
72550.0	12344605796.878311
72614.16666666667	12367900291.61136
72677.91666666667	13196924331.320236
72742.08333333333	18295470434.958042
72805.83333333333	12437815588.336536
72870.0	11085885949.95597
72934.16666666667	9407373296.272053
73000.0	12508525836.22131
