t(days)	RNP(psia2/cp-D/Mscf)
0.25	149582526.76967576
0.33040833333333336	124247237.28297633
0.4861958333333333	95787782.10077798
0.7977666666666666	220950056.88415414
1.4209083333333332	65124468.25098022
2.667195833333333	229754759.65642124
5.07725	127627350.52843626
9.897375	251816910.40814734
19.198041666666665	84736980.5939684
35.644875	104505435.53691196
66.05958333333334	192877702.70078474
124.99208333333333	43905558.85044351
188.99208333333334	116437164.89855798
252.99208333333334	64572087.22804955
316.99208333333337	171210860.83637848
380.9920833333333	81029511.38735723
444.9916666666666	127860093.36790788
508.9916666666666	94960250.1037196
572.9916666666667	101258347.81375523
636.9916666666667	187363838.29376513
700.9916666666667	137127921.07890037
764.9916666666667	27755288.077305287
828.9916666666667	170492057.34718817
892.9916666666667	91833221.27025998
956.9916666666667	236866602.35466474
1020.9916666666667	383325243.5976561
1084.9916666666666	175939973.2872811
1148.9916666666666	345079311.8181119
1212.9916666666666	131517995.55506845
1276.9916666666666	154882014.1625986
1340.9916666666666	412370962.48315865
1404.9916666666668	300968272.6146368
1468.9916666666668	230120333.3054281
1532.9916666666668	170358081.7113927
1596.9916666666668	399661321.2786356
1660.9916666666668	327399869.8604238
1724.9916666666668	388187900.5942892
1788.9916666666668	189386104.84946817
1852.9916666666668	71758183.7305543
1916.9916666666668	163955061.08612084
1980.9916666666668	381496131.9038876
2044.9916666666668	197978065.31873927
2108.991666666667	201211742.1497638
2172.991666666667	64855877.89710185
2236.991666666667	409013480.38689125
2300.991666666667	377600872.61367244
2364.991666666667	200997387.25987545
2428.991666666667	434020868.1280663
2492.991666666667	219823862.7540658
2556.991666666667	222825336.34458113
2620.991666666667	225804125.6869851
2684.991666666667	228761254.94517443
2748.991666666667	50359851.87260157
2812.991666666667	234616843.6766543
2876.991666666667	454008261.1288508
2940.991666666667	154632988.96197844
3004.991666666667	92399525.6957272
3068.991666666667	303546393.1539568
3132.991666666667	248986571.43882632
3196.991666666667	190570814.7852891
3260.991666666667	149306184.30473042
3324.991666666667	344360658.5398631
3388.991666666667	316884982.1679007
3452.991666666667	285015812.07889086
3516.991666666667	265897436.10927528
3580.991666666667	271159265.145569
3650.0	431162076.3046754
3714.0	274494884.3100728
3778.0	193817051.7249639
3842.0	280069713.6833629
3906.0	363443706.3663662
3970.0	144435103.33380464
4034.0	2606260147.375286
4098.0	291210423.4233365
4162.0	669548053.3661633
4226.0	256475639.11967146
4290.0	516686867.51724803
4354.0	2792975848.659103
4418.0	305165523.374914
4482.0	1298618424.6339774
4546.0	310766807.18971515
4610.0	1037806207.8131399
4674.0	3312591487.0835757
4738.0	448587748.01714486
4802.0	2777787428.7069073
4866.0	7193061.188289642
4930.0	327677857.4098492
4994.0	3152982925.972111
5058.0	59597656.2739985
5122.0	387407452.5372249
5186.0	339060327.52895206
5250.0	493012858.25874484
5314.0	1935246505.88934
5378.0	2084676174.7311685
5442.0	2741940676.932641
5506.0	1804548001.5966334
5570.0	2542952491.6612835
5634.0	438434622.4174292
5698.0	695595437.1008675
5762.0	3125305748.425046
5826.0	1489854170.0936522
5890.0	370934479.3843298
5954.0	351203751.2706626
6018.0	376832388.5205003
6082.0	2067683839.4227314
6146.0	2105268051.5499485
6210.0	2944310981.1028686
6274.0	2159782120.594091
6338.0	1935673343.6457741
6402.0	2053388570.0054948
6466.0	397743901.4863828
6530.0	297583628.98050207
6594.0	403799320.9293648
6658.0	406840674.9565253
6722.0	2937865173.023041
6786.0	3380935504.591208
6850.0	462740738.7826164
6914.0	1885828714.3859265
6978.0	4723046.086023033
7042.0	266112126.8868997
7106.0	428399017.1894345
7170.0	280644185.6213212
7234.0	429150372.1946313
7300.0	437882267.2112007
7364.0	1206476807.2544985
7428.0	444187347.2013509
7492.0	1335014105.065448
7556.0	2710714473.35642
7620.0	1691703570.1257129
7684.0	1635704466.4269302
7748.0	460132826.8299062
7812.0	463351387.9400018
7876.0	1385863057.7477982
7940.0	1471342913.2125158
8004.0	2557305828.8015585
8068.0	476332663.6456929
8132.0	479607153.0831864
8196.0	2820700468.906827
8260.0	908451692.4747102
8324.0	489484934.54440796
8388.0	859972526.7979655
8452.0	1867111647.3840876
8516.0	1539656414.7359037
8580.0	468158200.4168792
8644.0	2171280313.5201
8708.0	509532547.25745326
8772.0	1749600005.4730673
8836.0	516302307.1107868
8900.0	1358597750.2904253
8964.0	2232728044.0300784
9028.0	2623132296.7259693
9092.0	771047819.0969138
9156.0	2848331811.7193284
9220.0	3549758036.864278
9284.0	1124403479.636274
9348.0	784873892.1858641
9412.0	1401533251.626867
9476.0	3088831849.229306
9540.0	3395776346.099919
9604.0	1504219099.6743715
9668.0	2269694997.3960733
9732.0	703178262.3654562
9796.0	1357959713.9007978
9860.0	1538962294.9937294
9924.0	462142305.78316724
9988.0	1811710177.4813328
10052.0	582829343.1133891
10116.0	499401630.27079827
10180.0	590071937.9455806
10244.0	593711917.5575542
10308.0	597358740.4808966
10372.0	601019589.4455041
10436.0	3042218196.52075
10500.0	3643319729.260703
10564.0	612075067.6356385
10628.0	1977693432.7742805
10692.0	619502283.0164121
10756.0	1603735839.5035298
10820.0	1169137569.6001725
10884.0	630728633.8644519
10950.0	1503058027.837697
11014.0	1794593222.8878517
11078.0	3375975983.7819753
11142.0	3573365704.6690655
11206.0	284138943.09204805
11270.0	1626100843.6114368
11334.0	1852777265.1096115
11398.0	661316288.0640403
11462.0	3367783069.5935616
11526.0	669055874.5446253
11590.0	3281817052.368259
11654.0	676840912.2831342
11718.0	1507907197.4929008
11782.0	1820604056.1609416
11846.0	1197665324.1903265
11910.0	692554927.4805757
11974.0	2422463083.2034917
12038.0	2732253454.0804076
12102.0	2501903445.102541
12166.0	708465429.05734
12230.0	2737061898.28513
12294.0	2365714885.665278
12358.0	1404603901.0394077
12422.0	724576568.4243668
12486.0	728632499.9561946
12550.0	3454694049.9268003
12614.0	736788790.8643633
12678.0	2586244593.475082
12742.0	95926683.89085352
12806.0	1383836710.1857119
12870.0	753240852.4219575
12934.0	521883045.2652367
12998.0	2732075932.4047394
13062.0	1810875688.5503345
13126.0	769896319.5440717
13190.0	1654219338.5659127
13254.0	2347386991.463173
13318.0	3402277856.156633
13382.0	2229603535.816962
13446.0	790998601.7831283
13510.0	1762972344.4435139
13574.0	2987185112.990506
13638.0	74546464.69526625
13702.0	793595745.09491
13766.0	2845880868.9503775
13830.0	1576182892.735116
13894.0	1111045395.6378284
13958.0	2032143485.2860851
14022.0	3517706449.6463847
14086.0	834167053.4220471
14150.0	838556298.7386442
14214.0	1457485112.2394538
14278.0	847366812.5025461
14342.0	2133984634.4438396
14406.0	534635933.56007165
14470.0	860680505.7049489
14534.0	23981618.832868457
14600.0	2352135430.3352084
14664.0	3080407930.7232676
14728.0	2466113738.914848
14792.0	1929470436.549663
14856.0	3064978207.1257277
14920.0	892352478.8287741
14984.0	3921478895.4475946
15048.0	3074869244.5022397
15112.0	906069885.3599627
15176.0	1468312061.3321824
15240.0	2637388704.4863195
15304.0	153336108.17196524
15368.0	3145179960.743541
15432.0	2847361231.5675488
15496.0	933843918.850573
15560.0	2154865943.351923
15624.0	1628997190.4044876
15688.0	2137274917.5543957
15752.0	3892478611.330607
15816.0	580685213.6888212
15880.0	676968458.2523818
15944.0	153280744.3110801
16008.0	609845434.7601564
16072.0	521056038.72738594
16136.0	981213669.3994055
16200.0	2356702576.8422065
16264.0	371624829.793833
16328.0	995687370.9186485
16392.0	1843622421.5723398
16456.0	3939646189.2880306
16520.0	2616793281.1576896
16584.0	1725866937.5278058
16648.0	1020084861.0479568
16712.0	1463178112.04346
16776.0	915207130.7009766
16840.0	330258863.22147703
16904.0	1039845262.6872795
16968.0	2989362767.7289977
17032.0	1405521988.1969373
17096.0	998186658.9572138
17160.0	399726864.1164292
17224.0	3664356798.479872
17288.0	3575009368.9984612
17352.0	869113011.7018511
17416.0	2873541795.922996
17480.0	3788942338.5539823
17544.0	3586287769.4283714
17608.0	310364003.4112588
17672.0	2496609711.5024357
17736.0	1899664070.7479546
17800.0	2748801363.2937384
17864.0	1115930102.5695693
17928.0	678243998.7051599
17992.0	1338305720.6157198
18056.0	3141404426.3359575
18120.0	1136745655.9290597
18184.0	3741788737.606904
18250.0	2740855553.465153
18314.0	7196876.222980738
18378.0	1157959069.8523357
18442.0	765444218.7568048
18506.0	1875837869.502343
18570.0	752577788.4388471
18634.0	2043093594.0409148
18698.0	1455861810.5996287
18762.0	4275981995.155078
18826.0	1318623270.4197001
18890.0	1200733401.7678158
18954.0	1206145524.3958514
19018.0	757533713.5420282
19082.0	1217009242.140864
19146.0	2200139052.7531915
19210.0	2211855223.065365
19274.0	2932640173.5248437
19338.0	1238910554.8613412
19402.0	106572764.51288104
19466.0	3611236227.2898984
19530.0	4157428516.643551
19594.0	736040147.8729603
19658.0	2644837938.4916606
19722.0	1272205041.8748465
19786.0	3216256878.1857185
19850.0	2227842472.0986147
19914.0	1288505614.9586487
19978.0	3580542597.4594817
20042.0	1916969431.493233
20106.0	1306013921.5688026
20170.0	3470067162.0025177
20234.0	1905972426.5517335
20298.0	1323115815.0958917
20362.0	2587417526.998225
20426.0	1334592644.363699
20490.0	216004687.07411027
20554.0	78214822.56603432
20618.0	3476127546.95506
20682.0	3592014479.2795296
20746.0	1363542533.885833
20810.0	2750746627.0274115
20874.0	1267688158.4629521
20938.0	1267602038.414238
21002.0	1123589385.9472404
21066.0	2168171783.8844376
21130.0	1398767999.1764667
21194.0	1404691878.1218488
21258.0	1410631936.8086393
21322.0	83137751.09904313
21386.0	4012954294.676801
21450.0	4463008832.921893
21514.0	3405508471.3452916
21578.0	639456517.8184801
21642.0	3630234465.120184
21706.0	660286356.3070003
21770.0	1034063346.7956779
21834.0	4240250807.1826
21900.0	2537246743.0641785
21964.0	3146808586.720558
22028.0	2899795983.948757
22092.0	4454006767.1901
22156.0	1495535016.4691732
22220.0	3681735542.796712
22284.0	1422459113.6276724
22348.0	4441035312.202409
22412.0	866470448.0114682
22476.0	3638864028.0127625
22540.0	2364117097.0605497
22604.0	2278926813.0374517
22668.0	1545276513.3517296
22732.0	1551564848.2672935
22796.0	2037268120.7359471
22860.0	27694239.81704259
22924.0	1332152231.989164
22988.0	2578341092.3346286
23052.0	993890251.6992295
23116.0	1589603349.0649652
23180.0	1595998355.1987956
23244.0	1602409156.9272044
23308.0	2503339311.8324294
23372.0	2879899617.0654078
23436.0	1621733894.725551
23500.0	1280166036.9869637
23564.0	3528663513.9181104
23628.0	1050565976.7609563
23692.0	3269542115.3830795
23756.0	48264676.35344291
23820.0	4227183236.459159
23884.0	317798726.6150112
23948.0	1673942320.7282968
24012.0	2460737085.1384935
24076.0	1687151474.053721
24140.0	1693777507.5417604
24204.0	3485569164.5263844
24268.0	936429344.4833115
24332.0	1713753836.6598473
24396.0	434949197.6819961
24460.0	1631455789.054555
24524.0	2901509906.152997
24588.0	1740609364.6558914
24652.0	1747364234.4747403
24716.0	279563721.4855733
24780.0	1760922533.610417
24844.0	4143787459.5095897
24908.0	1195003377.3970206
24972.0	1781374391.9994764
25036.0	3980552183.2505093
25100.0	2630514660.5431437
25164.0	1801964926.4149287
25228.0	2102661642.524269
25292.0	1815774218.2293003
25356.0	1942486355.0607266
25420.0	2471559642.136078
25484.0	970792834.128806
25550.0	1291744496.587516
25614.0	3837422349.7832165
25678.0	4742850768.820986
25742.0	1864825007.702265
25806.0	3032780339.5396423
25870.0	1878924091.461428
25934.0	3831784890.23946
25998.0	1893087805.7316523
26062.0	3154979693.8374825
26126.0	1907314227.017773
26190.0	1812673463.0093727
26254.0	3182071996.4035683
26318.0	1715900074.5952098
26382.0	1591128644.7378297
26446.0	3792351884.908231
26510.0	1129189049.3388362
26574.0	2077933672.0269115
26638.0	955290871.9301677
26702.0	2578605262.039593
26766.0	571035187.8169696
26830.0	2749517784.6071367
26894.0	1994041348.256834
26958.0	3287518370.579387
27022.0	1333785485.0517302
27086.0	4177679312.04253
27150.0	1028360286.3896351
27214.0	927554740.5179319
27278.0	2293061683.213109
27342.0	2045716915.1796057
27406.0	3009483879.312591
27470.0	3729789875.889682
27534.0	2068109551.8318985
27598.0	2838778909.5264444
27662.0	2337437143.886717
27726.0	827677065.3320103
27790.0	3320995539.2968235
27854.0	4060143945.0659227
27918.0	191841750.69435954
27982.0	2649285077.3574886
28046.0	2926735295.9372406
28110.0	2535620839.984284
28174.0	2143825602.1690476
28238.0	1445811550.729161
28302.0	2705139449.246001
28366.0	807422420.6864448
28430.0	1790193299.792409
28494.0	2642705019.9217863
28558.0	1617058673.9101725
28622.0	4692859349.049444
28686.0	844325982.5057647
28750.0	2213394242.929687
28814.0	2221207061.5960345
28878.0	2229037860.106977
28942.0	65345406.78286934
29006.0	2244747160.21535
29070.0	1771422467.270338
29134.0	5203802744.259411
29200.0	4447342586.735298
29264.0	2081736702.151762
29328.0	2284580233.8936095
29392.0	403453877.1644509
29456.0	3357294933.497016
29520.0	2308527877.159329
29584.0	2316543579.0035534
29648.0	3357402439.71215
29712.0	4625012578.090018
29776.0	3797521248.8003826
29840.0	4717972861.444914
29904.0	2356886743.5602517
29968.0	4364723124.136915
30032.0	2776866726.3492193
30096.0	2381291599.4239197
30160.0	4219299140.1241
30224.0	2397640388.3949547
30288.0	3928902563.634963
30352.0	1638780903.7717004
30416.0	296894321.4178412
30480.0	2430570037.695368
30544.0	2438843608.5784235
30608.0	1318314822.578899
30672.0	3627047644.5882893
30736.0	2463777464.696538
30800.0	3123984669.3436127
30864.0	5517601267.307594
30928.0	5556447991.800757
30992.0	2497254713.9807196
31056.0	2505658723.2433043
31120.0	1877838492.3812175
31184.0	1827290536.427172
31248.0	111890504.37778902
31312.0	2539480819.0216036
31376.0	2547976600.3795733
31440.0	2556487283.0166116
31504.0	5613609320.075718
31568.0	3030562962.782522
31632.0	5196401100.925228
31696.0	3416678148.3721766
31760.0	2435102470.0196857
31824.0	1338825634.8231997
31888.0	2616595532.188272
31952.0	1191363219.4916797
32016.0	2723350880.3701572
32080.0	4500006710.337883
32144.0	3166503918.8600416
32208.0	3576918955.854489
32272.0	2668794937.227181
32336.0	1217454468.367975
32400.0	3408960175.6311827
32464.0	3277939164.949976
32528.0	4606033746.991126
32592.0	72602647.30430508
32656.0	4686609379.956541
32720.0	2610872503.2161407
32784.0	4784604479.745366
32850.0	4064345254.651901
32914.0	2757481444.9169865
32978.0	1857247500.5656905
33042.0	4890082690.791506
33106.0	451738116.20474386
33170.0	2011895046.6777613
33234.0	1069579081.7021022
33298.0	1333519806.6264684
33362.0	5073551853.862369
33426.0	2829493671.3740325
33490.0	5370282792.582256
33554.0	528621224.86551857
33618.0	2021048391.4874978
33682.0	1614598694.8179612
33746.0	70918074.56533718
33810.0	3566931626.3564863
33874.0	2893454077.785107
33938.0	826519945.9881034
34002.0	1538946852.0822346
34066.0	1409145955.3598597
34130.0	4292326005.0326552
34194.0	3985551915.391571
34258.0	380290115.87944555
34322.0	869040868.2379491
34386.0	4945727142.730838
34450.0	3450992437.481208
34514.0	405745801.79990673
34578.0	2995725001.509766
34642.0	3005127056.7093196
34706.0	3014559021.176956
34770.0	2504767933.8575706
34834.0	1462822766.8185759
34898.0	3042944884.9583344
34962.0	1940019174.3625379
35026.0	141122640.06697178
35090.0	3555252429.94617
35154.0	3081032945.162416
35218.0	2460904937.8296385
35282.0	3100194082.8765798
35346.0	3109807152.026031
35410.0	829887025.6549716
35474.0	5838517431.938007
35538.0	1192001692.003202
35602.0	3148415688.4930263
35666.0	3208464383.341871
35730.0	4441427747.406451
35794.0	3177578534.437414
35858.0	3187328945.797919
35922.0	1354393115.3272827
35986.0	5866368059.199155
36050.0	6221935700.31424
36114.0	2822852884.8366356
36178.0	3261265686.6413937
36242.0	2524718675.8343062
36306.0	4696269553.451511
36370.0	3266038506.3413596
36434.0	3690761793.962435
36500.0	2081396029.7579598
36564.0	1839149205.8063154
36628.0	5447323248.401791
36692.0	3884863791.9934926
36756.0	1201031285.6112485
36820.0	1199910432.5515246
36884.0	648581809.5034146
36948.0	3356305724.6862454
37012.0	5187549828.250154
37076.0	1639186328.7948313
37140.0	4060485441.411442
37204.0	3396778268.2980156
37268.0	3406949603.347463
37332.0	1673092752.9727874
37396.0	2490417972.9439373
37460.0	554708084.4275146
37524.0	3447817146.322661
37588.0	3458091317.564527
37652.0	3468362276.2403026
37716.0	1580563297.5171118
37780.0	3488970605.291941
37844.0	1386651840.3216388
37908.0	3509653237.5653195
37972.0	3520033528.154487
38036.0	2550211585.7622123
38100.0	4643586135.734977
38164.0	3551247977.0907927
38228.0	2982485032.2808256
38292.0	6435057345.739818
38356.0	5769068021.691549
38420.0	3865296555.066815
38484.0	1883839659.8898795
38548.0	6333580540.890908
38612.0	1896626591.643054
38676.0	6009669723.295132
38740.0	1413657653.2297378
38804.0	6384838815.260804
38868.0	3667250616.0467734
38932.0	3677902339.228244
38996.0	3688586881.8080616
39060.0	6543501954.016746
39124.0	5257484878.307368
39188.0	4853681300.97864
39252.0	3731489292.406077
39316.0	6636178085.168325
39380.0	1340876838.8630176
39444.0	5093733312.116988
39508.0	3774697093.8102646
39572.0	2571652112.0012956
39636.0	6530009118.480051
39700.0	2183029995.2965236
39764.0	6119115018.962053
39828.0	5555394244.360844
39892.0	3813166994.729517
39956.0	3851090386.6994653
40020.0	947634954.0716009
40084.0	1626750797.7266507
40150.0	10065150334.3744
40214.0	6604355532.5772915
40278.0	6183077256.571291
40342.0	3917667933.0371876
40406.0	168003461.1900816
40470.0	10823527065.851324
40534.0	10681040491.161737
40598.0	6182841597.507086
40662.0	3973380628.8782816
40726.0	8616796710.02261
40790.0	3995813397.178606
40854.0	7556960126.623074
40918.0	2370085970.972355
40982.0	6531333.278698444
41046.0	6410100715.521148
41110.0	4052234090.972228
41174.0	6043190503.534384
41238.0	4074926289.619987
41302.0	4925003119.281761
41366.0	607189070.2402954
41430.0	4109127640.0982203
41494.0	3732154101.555733
41558.0	4115059238.1288123
41622.0	6220591164.463537
41685.833333333336	4155008012.9112678
41750.0	1957640306.314499
41814.166666666664	10848096116.384306
41877.916666666664	10332822078.038864
41942.083333333336	5712835303.217501
42005.833333333336	4212823034.7820315
42070.0	3109563909.5283484
42134.166666666664	5515019714.822987
42197.916666666664	8433507822.30018
42262.083333333336	2135405314.2448566
42325.833333333336	4271112938.409153
42390.0	7742958374.540586
42454.166666666664	8807203235.527605
42517.916666666664	6560582378.6522045
42582.083333333336	943313138.6000428
42645.833333333336	541544689.6089296
42710.0	9232849475.410984
42774.166666666664	4353567087.558338
42837.916666666664	9368832947.636288
42902.083333333336	9530879340.642836
42965.833333333336	4389209990.681311
43030.0	2636760767.8854885
43094.166666666664	6081949981.17611
43157.916666666664	6080209619.491172
43222.083333333336	11385190252.666264
43285.833333333336	3094949651.9181805
43350.0	10624921208.326246
43414.166666666664	4473106312.181513
43477.916666666664	10308505865.52496
43542.083333333336	1217554819.46658
43605.833333333336	5703454012.18227
43670.0	4521479723.687185
43734.166666666664	8259845671.252087
43800.0	9691528878.894093
43864.166666666664	4558351527.83433
43927.916666666664	5778878582.581641
43992.083333333336	7221758497.467625
44055.833333333336	1469377044.5000486
44120.0	4607296180.015576
44184.166666666664	247418908.58138847
44247.916666666664	4631899671.749878
44312.083333333336	8109534086.922367
44375.833333333336	4656557652.270731
44440.0	9576095155.977674
44504.166666666664	8321847962.810056
44567.916666666664	4693733085.427775
44632.083333333336	4706146099.068812
44695.833333333336	6895004165.6413145
44760.0	10732280687.276012
44824.166666666664	3686097485.2647147
44887.916666666664	8903327645.04783
44952.083333333336	1259316757.3045068
45015.833333333336	4781214468.752968
45080.0	3400480080.0622406
45144.166666666664	7438960828.346427
45207.916666666664	4819017578.025405
45272.083333333336	8527757952.676462
45335.833333333336	7812467171.244308
45400.0	9440209255.041431
45464.166666666664	10521562951.440945
45527.916666666664	1359855518.7460518
45592.083333333336	3300840283.40399
45655.833333333336	4907936280.692748
45720.0	11272732945.751
45784.166666666664	4933510372.991214
45847.916666666664	7729854161.292017
45912.083333333336	1665997476.9195065
45975.833333333336	8708473119.790146
46040.0	1696045146.723136
46104.166666666664	4997862005.724692
46167.916666666664	9535198652.22785
46232.083333333336	4370670336.350253
46295.833333333336	5036701779.08166
46360.0	3836246202.4289436
46424.166666666664	5687406367.125343
46487.916666666664	6193351919.793952
46552.083333333336	5612864626.561402
46615.833333333336	12302483568.661268
46680.0	5114983731.384389
46744.166666666664	9786523445.907845
46807.916666666664	1751423022.9956598
46872.083333333336	12486956531.614033
46935.833333333336	1068946054.047965
47000.0	5180813417.968118
47064.166666666664	5194026680.901669
47127.916666666664	5207307514.975446
47192.083333333336	5220568586.98105
47255.833333333336	9916618974.867664
47320.0	5247176059.468834
47384.166666666664	2910847738.4548836
47450.0	1918648960.826106
47514.166666666664	6721765037.721516
47577.916666666664	12654422672.396015
47642.083333333336	12350105411.051981
47705.833333333336	5327918943.709728
47770.0	7215150853.491545
47834.166666666664	5244805145.818158
47897.916666666664	2285484213.8815494
47962.083333333336	6640061883.708406
48025.833333333336	2846703393.0950546
48090.0	5409015626.999526
48154.166666666664	9800838149.431326
48217.916666666664	6528566825.1787195
48282.083333333336	5457050838.372315
48345.833333333336	5463535400.353669
48410.0	9239104295.873772
48474.166666666664	6431211389.526784
48537.916666666664	3481105782.279709
48602.083333333336	4352625967.644033
48665.833333333336	4422961879.910597
48730.0	5545936411.570091
48794.166666666664	5633310287.583141
48857.916666666664	9302712677.468527
48922.083333333336	1840636138.9560056
48985.833333333336	12561464318.592518
49050.0	5615199551.386136
49114.166666666664	12375607323.974754
49177.916666666664	12785632180.869083
49242.083333333336	5657009529.750284
49305.833333333336	5671004264.3515
49370.0	5684998960.632129
49434.166666666664	5699028001.347432
49497.916666666664	5713056313.381539
49562.083333333336	5727153857.97476
49625.833333333336	6003390101.912856
49690.0	11993091604.091923
49754.166666666664	6820166125.43295
49817.916666666664	5783635648.021964
49882.083333333336	5797831271.4159565
49945.833333333336	10712133124.603878
50010.0	11735733905.843258
50074.166666666664	2450879045.0529966
50137.916666666664	11114153023.97926
50202.083333333336	108152968.38584995
50265.833333333336	3591660501.3331785
50330.0	5897690627.437607
50394.166666666664	10779434646.935108
50457.916666666664	5926420096.815162
50522.083333333336	10206218063.516209
50585.833333333336	5955240301.788091
50650.0	8284550710.4622965
50714.166666666664	4269869002.279584
50777.916666666664	491179960.5827751
50842.083333333336	6013125626.076729
50905.833333333336	10119119857.739155
50970.0	6042230606.913151
51034.166666666664	4726123947.313581
51100.0	8321041455.850374
51164.166666666664	10301923120.402723
51227.916666666664	8107578621.654142
51292.083333333336	5939497055.400833
51355.833333333336	6609624717.116416
51420.0	6145241761.928336
51484.166666666664	6159965482.65942
51547.916666666664	12704424680.506153
51612.083333333336	6189502117.113771
51675.833333333336	13361366885.931814
51740.0	6778621861.89198
51804.166666666664	3154631158.6986866
51867.916666666664	4161366775.5846205
51932.083333333336	6263775809.266452
51995.833333333336	5370696933.994703
52060.0	6692951722.735098
52124.166666666664	6308611686.215814
52187.916666666664	9918987425.215069
52252.083333333336	9943943069.477776
52315.833333333336	7700795957.05821
52380.0	13453147440.256516
52444.166666666664	13071110011.156616
52507.916666666664	11080937376.883923
52572.083333333336	6413954480.162961
52635.833333333336	3264856049.482076
52700.0	6444242709.568743
52764.166666666664	6459449517.597819
52827.916666666664	6474638177.634328
52892.083333333336	2739241120.5436373
52955.833333333336	6505139859.538596
53020.0	8679785175.461391
53084.166666666664	11851573834.874027
53147.916666666664	14026691931.141804
53212.083333333336	4769109147.181457
53275.833333333336	7590072780.814831
53340.0	9863265782.73189
53404.166666666664	8864005755.191015
53467.916666666664	6813165305.723835
53532.083333333336	513949181.46886444
53595.833333333336	1477374330.2650318
53660.0	6674485014.049286
53724.166666666664	8620359101.4483
53787.916666666664	6705598691.903443
53852.083333333336	6721191756.0521
53915.833333333336	3653274130.4797063
53980.0	13609965172.775404
54044.166666666664	6768064581.850781
54107.916666666664	6783752067.087331
54172.083333333336	2610118298.504075
54235.833333333336	6131522185.972019
54300.0	7267149934.303843
54364.166666666664	9085079226.819067
54427.916666666664	2642457989.0143714
54492.083333333336	7792991946.023266
54555.833333333336	6894101918.118256
54620.0	13112400059.907352
54684.166666666664	6925806958.156632
54750.0	4093743043.311667
54814.166666666664	11568257719.734486
54877.916666666664	11791656329.954666
54942.083333333336	7986575160.995847
55005.833333333336	7006043757.577021
55070.0	7022060411.230253
55134.166666666664	7038097240.893597
55197.916666666664	7054154020.46482
55262.083333333336	135890845.5817852
55325.833333333336	3979653702.6000195
55390.0	1409521864.6482992
55454.166666666664	11018114475.134874
55517.916666666664	10308194248.257214
55582.083333333336	3372197538.3085785
55645.833333333336	9604505685.806498
55710.0	3475287998.624384
55774.166666666664	11572893434.80249
55837.916666666664	579663616.4357615
55902.083333333336	7232477210.230151
55965.833333333336	8300144961.468038
56030.0	10684995964.466587
56094.166666666664	10200786538.369743
56157.916666666664	8491797111.326048
56222.083333333336	7314499094.970501
56285.833333333336	12920719248.221636
56350.0	4235985904.5842843
56414.166666666664	6924408470.750494
56477.916666666664	7380566885.623798
56542.083333333336	9733832813.4057
56605.833333333336	7413725553.773361
56670.0	3473672345.420821
56734.166666666664	335926931.6258068
56797.916666666664	12208886124.611317
56862.083333333336	7480283433.885601
56925.833333333336	4138698423.8686814
56990.0	6368693187.12027
57054.166666666664	15006643622.422592
57117.916666666664	10414415626.87383
57182.083333333336	11210141312.529829
57245.833333333336	7580940186.726562
57310.0	4390029769.295666
57374.166666666664	1595701142.1891527
57437.916666666664	11666707745.636133
57502.083333333336	12407238834.067364
57565.833333333336	7354059182.498833
57630.0	7928304243.401756
57694.166666666664	8147000510.798832
57757.916666666664	11631900069.08107
57822.083333333336	4471979740.125373
57885.833333333336	14744277283.75526
57950.0	9281990039.713284
58014.166666666664	7784805607.923234
58077.916666666664	7139471069.116087
58142.083333333336	2702579381.269018
58205.833333333336	6546234623.933924
58270.0	14207660393.996925
58334.166666666664	7870786276.557092
58400.0	9637967063.088175
58464.166666666664	2718132429.157613
58527.916666666664	7923184479.155889
58592.083333333336	8228547094.751437
58655.833333333336	14472584993.597603
58720.0	14295916364.725288
58784.166666666664	6111175536.756888
58847.916666666664	3370583522.9203568
58912.083333333336	790424327.428669
58975.833333333336	10317985003.68335
59040.0	2294832425.029518
59104.166666666664	6610475130.897068
59167.916666666664	8097663570.780156
59232.083333333336	9801380404.413628
59295.833333333336	10655136517.094986
59360.0	7196268630.900221
59424.166666666664	13289440798.732965
59487.916666666664	8185908481.850973
59552.083333333336	5595052356.601922
59615.833333333336	11522467197.291042
59680.0	14570675042.611347
59744.166666666664	13642944512.303053
59807.916666666664	12534986100.773178
59872.083333333336	8292541987.1521435
59935.833333333336	4524256693.800243
60000.0	8328309051.76729
60064.166666666664	4976248853.025074
60127.916666666664	8364160479.222505
60192.083333333336	8382088953.3300295
60255.833333333336	7623891181.749346
60320.0	5124402300.356367
60384.166666666664	6126918578.176013
60447.916666666664	13499203703.286036
60512.083333333336	8472279656.665754
60575.833333333336	4789398354.614867
60640.0	13990864875.696861
60704.166666666664	15007376634.327293
60767.916666666664	13153459298.553371
60832.083333333336	11521415565.864807
60895.833333333336	8581331275.762028
60960.0	2142602726.6203833
61024.166666666664	8721978361.291443
61087.916666666664	12380647709.732327
61152.083333333336	4870686305.321537
61215.833333333336	8672893411.1512
61280.0	13179384025.491716
61344.166666666664	10333887151.071606
61407.916666666664	5091988245.018183
61472.083333333336	2994411823.7310266
61535.833333333336	6017094144.298987
61600.0	4493473209.847721
61664.166666666664	2414977087.713422
61727.916666666664	7189760328.5684805
61792.083333333336	8839366177.643143
61855.833333333336	1720194290.3825684
61920.0	4937900953.418215
61984.166666666664	11816428341.85823
62050.0	6146525178.377157
62114.166666666664	4557515211.7494545
62177.916666666664	10633329821.464361
62242.083333333336	8970745121.294352
62305.833333333336	9499198599.305113
62370.0	12278314016.315805
62434.166666666664	15500174681.686573
62497.916666666664	8589308977.227067
62562.083333333336	4666244403.202361
62625.833333333336	5576292609.809813
62690.0	9102882033.25489
62754.166666666664	3179279553.1232452
62817.916666666664	14345100362.226572
62882.083333333336	8432276984.89445
62945.833333333336	9179013204.371527
63010.0	4354342507.805817
63074.166666666664	15966502737.169622
63137.916666666664	9236310870.282803
63202.083333333336	12705122663.219866
63265.833333333336	12103257968.880257
63330.0	11588294248.997133
63394.166666666664	2929482381.6173105
63457.916666666664	8696221613.115116
63522.083333333336	9204548385.258867
63585.833333333336	5766321500.702898
63650.0	9390355000.847994
63714.166666666664	3906530827.472542
63777.916666666664	3949823452.166518
63842.083333333336	9448507287.608845
63905.833333333336	13981020750.226215
63970.0	9487419364.758165
64034.166666666664	9988237936.155458
64097.916666666664	14045295180.980412
64162.083333333336	12137073470.972025
64225.833333333336	7899938618.616541
64290.0	13307889404.908554
64354.166666666664	5821664772.100515
64417.916666666664	5254414648.461892
64482.083333333336	7188794143.784458
64545.833333333336	9663854806.44238
64610.0	9683663144.772099
64674.166666666664	12911100318.95923
64737.916666666664	9723118103.259993
64802.083333333336	16543393486.020302
64865.833333333336	13273665404.098793
64930.0	15766198152.073204
64994.166666666664	7624565821.35935
65057.916666666664	9055010886.754972
65122.083333333336	9842499020.125492
65185.833333333336	11704792831.407022
65250.0	16978937081.032827
65314.166666666664	3513332520.249322
65377.916666666664	4662586620.388848
65442.083333333336	9942599002.681921
65505.833333333336	5118161887.957266
65570.0	5994476845.946522
65634.16666666667	15328881895.215328
65700.0	12582843104.7986
65764.16666666667	10043997160.044533
65827.91666666667	17413444650.154846
65892.08333333333	14815933930.502941
65955.83333333333	4938841747.373103
66020.0	10125074682.811646
66084.16666666667	8664225907.300657
66147.91666666667	10165884204.913616
66212.08333333333	15599713521.582321
66275.83333333333	17086055067.123283
66340.0	10227213301.290592
66404.16666666667	3019851262.0858316
66467.91666666667	10268172253.048319
66532.08333333333	3143540954.7925434
66595.83333333333	5348831323.760626
66660.0	11599481402.305511
66724.16666666667	15874463753.297956
66787.91666666667	11092621597.930529
66852.08333333333	11932429663.020784
66915.83333333333	4787242937.734067
66980.0	13440156905.950989
67044.16666666667	9012275710.271376
67107.91666666667	12475534423.30058
67172.08333333333	10495713115.95334
67235.83333333333	14746032702.545218
67300.0	10537423602.50497
67364.16666666667	17105355758.481895
67427.91666666667	3351771737.640523
67492.08333333333	10751524954.729366
67555.83333333333	12023642705.306229
67620.0	10642130318.15636
67684.16666666667	10663224124.884527
67747.91666666667	10684279062.370667
67812.08333333333	5863194159.679043
67875.83333333333	13912051059.804863
67940.0	13787458127.595459
68004.16666666667	3758942867.3142233
68067.91666666667	10789937683.686312
68132.08333333333	7868420695.578851
68195.83333333333	10832385121.209135
68260.0	9458668141.532097
68324.16666666667	10875040778.257399
68387.91666666667	16881424837.32526
68452.08333333333	9663713228.282854
68515.83333333333	7775643252.284219
68580.0	10960593370.20299
68644.16666666667	12976088272.964653
68707.91666666667	7532618022.184234
68772.08333333333	11024993364.41767
68835.83333333333	14400887406.488756
68900.0	12576513237.53508
68964.16666666667	6702065667.604782
69027.91666666667	11111338986.450096
69092.08333333333	18137173655.177345
69155.83333333333	11154619886.428478
69220.0	12647705942.139238
69284.16666666667	14749585835.065529
69350.0	6902195618.379053
69414.16666666667	11421132442.31294
69477.91666666667	11632661443.070982
69542.08333333333	10794402334.824457
69605.83333333333	6874480015.871947
69670.0	12164106994.864414
69734.16666666667	4450566444.912274
69797.91666666667	7193420233.656002
69862.08333333333	12049665497.923725
69925.83333333333	11417492054.763496
69990.0	5424603333.810781
70054.16666666667	4849429923.380791
70117.91666666667	13730421075.187765
70182.08333333333	13357013622.548761
70245.83333333333	10329520972.76693
70310.0	10982423472.386087
70374.16666666667	11572377211.33053
70437.91666666667	11594579106.067604
70502.08333333333	18936876822.28517
70565.83333333333	15505692927.026093
70630.0	7670936438.935538
70694.16666666667	7272957519.623961
70757.91666666667	11370192157.072569
70822.08333333333	11728713389.001492
70885.83333333333	7513869385.873022
70950.0	18578098176.543205
71014.16666666667	17496742437.50116
71077.91666666667	9984796828.951061
71142.08333333333	17121005857.735432
71205.83333333333	10724265080.121172
71270.0	11886294570.166622
71334.16666666667	11836460643.311617
71397.91666666667	6648920003.124068
71462.08333333333	11954387248.491362
71525.83333333333	10620863389.81666
71590.0	19032404088.439835
71654.16666666667	17334231387.562496
71717.91666666667	12045361023.529709
71782.08333333333	12068321228.802845
71845.83333333333	14201422152.954758
71910.0	12114032186.755434
71974.16666666667	18440488338.73529
72037.91666666667	9362888229.891033
72102.08333333333	15704474082.083492
72165.83333333333	9547879438.782415
72230.0	9619919385.858778
72294.16666666667	16796221104.322277
72357.91666666667	15054493248.71633
72422.08333333333	15574609179.860607
72485.83333333333	16575040397.133083
72550.0	10230685862.049572
72614.16666666667	12367900291.61136
72677.91666666667	18537605900.286835
72742.08333333333	5224835497.658543
72805.83333333333	12437815588.336536
72870.0	16495280366.506292
72934.16666666667	6211418540.159888
73000.0	12508525836.22131
